839
440
708
417
492
235
727
337
830
528
401
617
293
257
589
276
680
796
535
437
389
237
252
325
607
583
551
335
624
344
811
310
678
769
593
682
372
270
746
606
734
394
744
351
316
613
209
413
295
376
352
185
808
420
560
348
347
239
581
409
716
237
797
267
649
550
330
563
357
770
522
197
729
523
411
189
608
491
244
172
283
413
193
773
728
373
203
294
514
317
462
187
744
423
277
387
370
228
293
254
222
521
297
618
476
150
722
516
726
249
382
450
197
570
629
142
592
321
291
353
354
489
699
284
555
746
501
386
727
433
331
617
355
554
204
198
509
644
653
153
620
157
477
336
296
521
291
175
185
558
199
236
707
388
575
275
437
576
660
427
137
406
638
352
576
523
299
117
545
383
143
191
376
266
488
467
97
630
335
621
403
386
283
179
506
403
551
672
278
68
210
431
178
483
80
376
559
364
416
313
671
63
615
200
172
243
313
580
563
561
492
254
166
508
140
499
638
77
581
242
627
39
107
388
294
504
172
126
313
402
201
534
445
165
254
505
540
611
319
278
361
548
66
174
607
359
26
272
452
455
380
428
25
476
8
603
253
350
257
121
182
320
602
492
307
77
405
234
508
289
-24
56
212
526
472
471
235
141
291
456
248
460
281
275
289
381
241
-40
546
222
277
375
423
557
433
102
31
-26
218
198
131
519
30
75
86
528
-53
291
259
543
-60
163
309
438
261
443
348
550
41
121
-63
-17
397
411
273
0
382
-37
-64
474
65
282
82
101
326
-82
101
111
-39
322
236
332
101
-62
324
316
259
-20
379
433
479
402
19
366
101
271
-111
418
-32
348
129
292
509
447
63
467
357
401
222
203
61
505
255
345
487
145
-63
178
412
-86
415
68
-92
87
92
169
-122
324
157
-37
470
192
-81
251
-128
68
-139
258
-68
322
464
430
0
-64
6
-83
-148
-74
439
442
-85
38
-133
4
-11
-97
42
274
-169
275
422
382
247
-40
348
-93
16
192
119
84
307
44
86
164
184
-72
263
4
334
139
161
-148
147
-146
177
-106
-79
273
338
267
-212
63
405
226
408
105
-58
416
66
-9
-218
317
7
236
349
176
220
375
247
333
141
-75
398
-122
93
-42
96
-139
-164
294
135
-84
-175
-29
-131
-126
-209
176
377
64
-18
-86
246
-69
-186
314
316
322
-120
351
237
-18
62
183
-68
-123
-8
-244
329
-90
-231
280
-217
-175
356
-94
-212
-280
-279
-43
-242
-210
-66
261
-91
6
-283
130
57
-204
-191
242
-117
-157
-96
244
291
274
127
137
-233
293
193
-215
175
18
-67
81
-20
-74
-95
-117
-177
21
116
-11
56
-47
-48
8
310
-251
271
156
-47
258
-245
233
46
-301
87
39
-235
-40
128
-213
74
219
164
-232
-71
-103
-54
-87
65
-279
-228
-288
-145
241
-133
-128
47
136
-352
-350
-221
-353
-210
-35
-54
-149
219
166
-366
-167
96
-285
-143
-251
185
-3
-276
-147
-338
-177
2
71
-33
-247
-270
-372
112
66
-105
159
203
151
-49
-209
213
56
125
-394
69
-146
86
-276
-65
45
-109
-233
-216
67
-216
-363
-360
-181
-368
-359
-150
-13
-126
-210
-175
-410
-79
-98
-319
-358
-83
-256
86
-196
-397
-279
-430
42
-216
-378
74
94
-270
-166
-391
-95
147
-226
-342
-291
-164
-243
154
-41
-36
-401
-366
-404
-248
-17
-407
-311
-386
-205
66
-79
-217
-399
135
69
-68
111
-405
-310
-357
36
98
133
-360
30
25
-162
-318
-452
-390
-163
-218
-333
-15
-326
-17
-31
-283
-16
75
-60
120
-83
-379
-25
-187
-389
-417
-355
-64
-309
-289
-307
12
-211
-501
47
-158
-433
-39
-232
118
69
62
41
-37
-225
-133
-419
83
-189
-445
-251
-485
-310
-96
-166
-475
-113
-151
38
-147
-363
-407
-495
-508
-346
64
-322
10
-383
-324
-2
-480
93
-362
-159
-337
65
-76
-510
-225
-130
68
-539
58
-278
-239
-69
-391
30
-296
-428
-185
-324
-125
-452
-285
-197
-137
-441
-487
-230
0
-364
-568
-225
-574
45
-397
-137
-532
-122
-323
-209
-290
-399
-583
-218
-450
-493
-549
-400
-148
-142
-179
18
4
-86
-64
-159
-264
-576
-479
-72
-87
-433
-292
-447
-560
-347
-299
-476
-60
-364
-313
-609
-461
-580
-211
-485
-582
-282
-158
-95
-149
-208
-303
-101
-479
-617
-216
-308
-278
-317
-79
-83
-213
-519
-431
-171
-521
-470
-85
-495
-284
-41
-161
-36
-474
-449
-452
-18
-273
-55
-499
-407
-67
-265
-560
-375
-96
-617
-620
-380
-96
-357
-480
-141
-208
-121
-639
-350
-564
-349
-510
-323
-661
-150
-92
-407
-418
-316
-375
-413
-135
-192
-229
-382
-292
-47
-332
-52
-557
-564
-293
-598
-449
-507
-532
-113
-506
-537
-350
-314
-382
-317
-97
-487
-310
-497
-167
-287
-604
-500
-350
-446
-386
-461
-275
-207
-397
-207
-415
-184
-228
-493
-172
-311
-721
-585
-708
-658
-176
-479
-611
-729
-430
-301
-202
-601
-191
-491
-532
-466
-351
-305
-424
-324
-165
-456
-252
-466
-745
-544
-609
-270
-390
-378
-509
-540
-238
-281
-422
-252
-439
-409
-646
-542
-632
-716
-711
-202
-240
-476
-170
-425
-492
-463
-721
-383
-501
-322
-344
-740
-516
-548
-145
-744
-247
-748
-325
-184
-675
-494
-389
-699
-440
-615
-305
-313
-303
-785
-180
-261
-707
-276
-723
-804
-416
-489
-409
-453
-653
-473
-194
-745
-312
-674
-233
-739
-485
-380
-683
-406
-313
-693
-502
-399
-645
-732
-584
-584
-522
-759
-500
-513
-366
-573
-228
-413
-596
-581
-751
-664
-794
-501
-752
-793
-506
-442
-496
-438
-416
-334
-670
-334
-803
-544
-408
-583
-431
-683
-511
-356
-349
-779
-658
-513
-694
-547
-499
-867
-726
-618
-869
-621
-592
-259
-571
-871
-444
-331
-288
-514
-247
-724
-535
-670
-512
-444
-345
-292
-672
-474
-891
-749
-318
-373
-440
-663
-383
-563
-556
-289
-607
-533
-300
-424
-727
-776
-317
-909
-665
-629
-707
-817
-299
-610
-644
-621
-416
-308
-626
-441
-478
-589
-844
-530
-720
-754
-847
-770
-785
-742
-398
-643
-313
-847
-368
-687
-875
-372
-849
-669
-568
-740
-717
-547
-596
-795
-800
-592
-524
-361
-437
-520
-569
-726
-354
-502
-339
-323
-849
-503
-332
-835
-539
-447
-666
-584
-410
-359
-470
-350
-831
-346
-961
-777
-963
-669
-807
-506
-380
-417
-701
-473
-772
-964
-675
-502
-745
-367
-468
-769
-644
-472
-825
-976
-927
-405
-494
-813
-814
-633
-652
-533
-621
-951
-731
-849
-451
-923
-511
-610
-660
-756
-486
-855
-582
-835
-754
-593
-460
-939
-899
-769
-497
-706
-444
-1003
-405
-408
-787
-801
-510
-923
-766
-868
-737
-470
-909
-612
-594
-1036
-504
-403
-599
-477
-685
-680
-573
-801
-1003
-636
-1045
-520
-716
-870
-797
-1004
-773
-980
-765
-517
-1054
-431
-642
-507
-816
-870
-880
-738
-775
-447
-649
-1032
-501
-461
-912
-872
-529
-1038
-895
-1027
-1039
-586
-716
-557
-655
-769
-961
-594
-740
-912
-1069
-946
-691
-1035
-459
-555
-671
-470
-662
-706
-555
-1053
-814
-969
-986
-927
-574
-768
-799
-514
-955
-808
-886
-1072
-802
-961
-904
-595
-1030
-819
-1070
-1028
-955
-844
-696
-1069
-1083
-759
-1073
-822
-776
-498
-509
-906
-1065
-1008
-825
-710
-701
-1044
-597
-937
-606
-930
-685
-944
-908
-1111
-593
-580
-959
-903
-1151
-844
-869
-1072
-788
-797
-737
-939
-860
-935
-903
-1109
-1063
-757
-886
-775
-651
-749
-811
-822
-1128
-602
-1142
-1067
-789
-577
-870
-1021
-592
-1130
-786
-1085
-551
-1026
-1097
-699
-920
-821
-1181
-984
-600
-1082
-1095
-584
-693
-856
-1092
-563
-897
-783
-749
-723
-1128
-836
-687
-910
-847
-984
-967
-804
-1123
-1031
-944
-969
-866
-1049
-1144
-781
-775
-898
-1054
-800
-856
-1159
-837
-608
-755
-1089
-1113
-775
-1128
-830
-853
-1012
-730
-765
-1169
-1123
-701
-661
-1127
-966
-1181
-839
-980
-1218
-1076
-1120
-875
-910
-808
-809
-1186
-1044
-660
-742
-947
-1004
-867
-848
-647
-1089
-1143
-650
-748
-1040
-795
-1001
-664
-781
-1006
-948
-1224
-996
-714
-1001
-1091
-1118
-1105
-882
-946
-863
-1266
-816
-691
-1066
-1219
-879
-1283
-954
-866
-941
-1273
-986
-660
-1002
-772
-1174
-1297
-1085
-881
-685
-1127
-738
-716
-1040
-916
-1076
-1280
-1007
-1139
-949
-696
-1320
-1075
-808
-925
-774
-1305
-1032
-901
-1314
-861
-1009
-948
-1118
-774
-1051
-913
-1029
-1144
-1125
-798
-909
-941
-815
-1216
-1070
-1203
-1293
-838
-1038
-834
-1198
-1158
-1213
-1280
-788
-779
-839
-862
-862
-1295
-725
-831
-962
-865
-1172
-742
-1150
-945
-783
-1210
-1020
-1070
-755
-1128
-1256
-1072
-973
-1001
-1049
-1363
-991
-1325
-1011
-1022
-987
-1014
-1126
-1063
-885
-1001
-1119
-1156
-1120
-787
-972
-1084
-1293
-1283
-1350
-1338
-897
-1113
-1336
-1090
-1194
-1386
-904
-933
-1272
-906
-1039
-1176
-1329
-993
-860
-1106
-907
-1195
-1149
-954
-1079
-888
-892
-1104
-1174
-1127
-915
-916
-963
-809
-1072
-798
-931
-895
-1023
-1268
-852
-899
-1315
-1280
-934
-1030
-1168
-1441
-1184
-1029
-1376
-1402
-1256
-865
-987
-1316
-1297
-913
-817
-1200
-933
-959
-837
-1165
-1326
-916
-1096
-930
-1289
-1087
-1244
-1256
-844
-927
-1032
-1082
-1144
-1120
-1365
-1116
-1043
-1477
-980
-1404
-990
-1433
-1119
-1267
-1461
-942
-1430
-1386
-1338
-1185
-962
-1197
-888
-1328
-1316
-1056
-1314
-943
-882
-1360
-903
-1490
-1182
-1252
-1367
-1315
-1192
-1268
-1187
-1241
-1230
-1234
-1037
-1000
-929
-1102
-1209
-1375
-1408
-1497
-1235
-1042
-987
-1220
-1261
-1381
-1306
-918
-1224
-1015
-1169
-1368
-1352
-1405
-1197
-1169
-1137
-1489
-1375
-1220
-1066
-941
-1514
-1210
-1361
-1172
-1344
-1070
-1433
-1215
-1493
-975
-1162
-1339
-960
-1302
-1248
-1149
-1168
-921
-978
-1323
-1247
-1470
-1437
-1407
-1326
-1432
-941
-1138
-1324
-1035
-1568
-1351
-1030
-1101
-1277
-1256
-1428
-980
-1549
-977
-949
-953
-1344
-955
-1167
-1268
-1337
-1127
-1500
-1148
-1319
-1477
-1362
-1340
-1504
-1179
-1391
-1454
-1023
-1373
-1017
-1375
-1545
-1406
-1354
-1552
-1259
-1317
-1496
-1121
-1011
-1445
-1019
-1191
-1585
-1243
-1575
-1056
-1091
-1135
-1093
-1526
-1528
-1175
-1103
-1313
-1038
-1396
-1613
-1524
-1223
-1118
-1410
-1046
-1130
-1268
-1130
-1182
-1234
-1144
-1298
-1116
-1502
-1313
-1028
-1237
-1544
-1596
-1471
-1507
-1593
-1122
-1603
-1197
-1057
-1366
-1352
-1212
-1024
-1304
-1105
-1257
-1531
-1048
-1212
-1517
-1407
-1299
-1046
-1285
-1546
-1092
-1516
-1269
-1433
-1249
-1237
-1176
-1102
-1302
-1674
-1080
-1225
-1619
-1651
-1217
-1508
-1144
-1345
-1211
-1153
-1513
-1306
-1243
-1296
-1237
-1120
-1603
-1481
-1104
-1540
-1645
-1090
-1449
-1685
-1309
-1584
-1280
-1232
-1363
-1167
-1274
-1471
-1234
-1479
-1203
-1257
-1126
-1669
-1550
-1584
-1491
-1494
-1082
-1701
-1727
-1571
-1364
-1256
-1572
-1144
-1196
-1638
-1297
-1126
-1573
-1542
-1237
-1502
-1197
-1413
-1710
-1208
-1299
-1630
-1721
-1204
-1345
-1500
-1112
-1674
-1690
-1192
-1112
-1624
-1598
-1550
-1640
-1243
-1194
-1425
-1267
-1479
-1167
-1275
-1386
-1133
-1290
-1355
-1464
-1671
-1686
-1230
-1714
-1160
-1214
-1488
-1537
-1466
-1562
-1365
-1412
-1477
-1209
-1170
-1190
-1412
-1351
-1748
-1193
-1775
-1160
-1702
-1630
-1617
-1182
-1365
-1769
-1314
-1445
-1683
-1554
-1294
-1263
-1186
-1768
-1275
-1346
-1471
-1657
-1272
-1224
-1798
-1697
-1561
-1299
-1208
-1313
-1407
-1501
-1507
-1325
-1289
-1340
-1598
-1739
-1796
-1459
-1252
-1819
-1478
-1496
-1476
-1318
-1814
-1502
-1536
-1741
-1822
-1744
-1781
-1241
-1459
-1420
-1466
-1778
-1661
-1780
-1314
-1257
-1368
-1392
-1670
-1676
-1643
-1481
-1281
-1451
-1368
-1397
-1344
-1720
-1738
-1418
-1862
-1521
-1623
-1271
-1387
-1270
-1416
-1570
-1409
-1441
-1675
-1595
-1729
-1838
-1756
-1431
-1483
-1287
-1426
-1369
-1562
-1560
-1380
-1749
-1591
-1784
-1836
-1809
-1593
-1885
-1409
-1897
-1711
-1401
-1479
-1801
-1467
-1814
-1780
-1400
-1736
-1566
-1780
-1385
-1508
-1551
-1694
-1838
-1732
-1284
-1599
-1811
-1592
-1661
-1460
-1460
-1854
-1323
-1585
-1428
-1440
-1498
-1762
-1856
-1653
-1517
-1446
-1679
-1529
-1652
-1459
-1410
-1702
-1669
-1843
-1574
-1423
-1429
-1809
-1837
-1856
-1874
-1646
-1949
-1844
-1361
-1421
-1339
-1435
-1824
-1568
-1525
-1746
-1627
-1450
-1510
-1669
-1344
-1712
-1844
-1768
-1653
-1715
-1626
-1516
-1669
-1399
-1437
-1702
-1333
-1369
-1504
-1375
-1651
-1885
-1854
-1632
-1560
-1928
-1873
-1764
-1730
-1891
-1621
-1435
-1602
-1847
-1825
-1529
-1547
-1761
-1689
-1428
-1783
-1416
-1960
-1378
-1573
-1531
-1515
-1399
-1785
-1834
-1368
-1553
-1886
-1920
-1519
-1889
-1756
-1896
-1386
-1942
-1965
-1747
-1748
-1918
-1385
-1537
-1608
-1811
-1860
-2028
-1428
-1722
-1941
-1716
-1830
-1852
-1818
-1488
-1993
-1838
-1428
-1626
-1733
-1847
-1578
-1796
-1654
-1832
-1535
-1608
-1423
-1677
-1718
-1794
-1610
-1598
-1672
-1533
-1475
-1570
-1444
-1704
-1594
-1423
-1613
-1601
-2058
-1503
-1812
-1430
-1581
-2065
-1548
-1925
-1743
-1529
-1868
-1759
-1883
-1610
-1485
-1877
-1645
-1865
-1652
-1825
-1504
-1738
-1826
-1886
-1545
-1562
-2018
-1852
-2083
-1830
-1900
-1831
-1937
-1463
-1540
-1531
-1581
-1981
-1850
-1716
-2065
-2030
-2097
-2099
-1892
-1987
-1964
-1956
-1574
-2019
-1974
-1960
-1979
-1574
-1625
-1576
-1977
-1986
-2065
-1688
-2079
-1613
-1996
-1829
-1935
-1679
-2014
-1768
-1517
-2002
-1855
-2066
-1936
-1859
-2045
-1779
-1717
-1966
-1708
-2012
-2058
-1594
-2146
-1844
-1698
-2060
-2062
-1638
-1969
-2069
-2150
-1551
-1719
-1982
-2048
-1817
-1534
-1740
-1599
-1964
-1650
-2077
-2022
-1733
-2116
-1713
-2155
-2002
-1631
-1541
-1599
-1926
-1591
-1774
-1639
-1974
-1747
-1896
-1784
-1865
-2077
-1778
-1625
-1725
-1855
-2151
-2127
-2153
-1560
-1868
-1632
-1849
-1777
-1826
-1596
-1978
-1878
-1855
-1874
-1807
-1609
-1908
-1745
-1769
-1629
-2166
-1702
-1864
-1881
-2179
-2110
-2011
-1922
-2192
-2132
-2194
-2023
-2094
-1942
-1961
-1927
-2048
-2205
-1622
-2201
-2136
-1617
-2132
-2104
-2120
-1940
-1979
-2105
-2068
-1629
-1664
-2097
-2177
-1758
-2218
-2074
-2216
-2083
-2184
-2073
-2042
-2243
-1839
-1844
-2112
-1789
-1784
-1819
-2152
-2107
-1916
-2025
-1832
-1688
-2171
-2095
-2044
-2239
-2031
-2174
-1995
-2011
-1804
-2112
-1932
-2159
-1949
-1765
-1635
-2101
-2211
-1835
-1839
-2131
-1712
-2264
-2091
-2121
-1818
-1833
-2288
-1859
-2074
-1683
-2065
-2229
-1839
-1762
-2089
-2158
-2190
-2022
-2090
-1767
-1881
-1730
-1925
-2021
-1864
-1968
-1955
-2139
-1985
-1703
-1775
-2250
-2211
-1746
-2141
-1831
-1869
-2167
-1826
-1967
-2244
-2100
-1855
-1854
-1884
-2277
-1940
-1945
-2118
-2030
-2032
-2153
-1975
-1870
-1850
-2162
-2256
-2030
-1940
-1938
-2248
-2058
-1803
-2111
-1964
-2078
-1804
-1914
-1866
-1979
-2350
-1909
-2254
-1956
-2012
-2195
-1787
-2163
-2334
-2174
-2010
-2043
-1979
-2185
-1790
-2082
-2189
-2142
-2291
-2128
-1760
-1813
-2010
-2299
-1807
-2069
-1850
-2028
-1873
-1751
-1886
-2085
-1810
-1929
-2069
-2293
-1955
-1994
-2298
-2035
-2080
-2134
-1991
-2136
-1979
-1827
-1788
-1802
-2371
-1931
-2058
-2169
-1947
-2019
-2217
-2255
-2084
-2186
-2193
-2294
-2339
-2008
-2250
-1967
-1778
-2292
-2131
-1922
-1787
-2105
-2333
-2058
-1945
-2237
-1800
-2364
-2280
-2346
-1951
-1997
-1865
-2310
-2057
-1975
-2336
-2337
-1855
-2319
-1972
-2229
-2133
-1955
-2432
-1996
-2153
-1838
-2052
-2088
-2340
-1856
-2286
-2172
-2108
-2085
-2224
-2294
-2269
-2152
-2123
-1874
-2155
-2256
-2050
-2143
-2040
-2214
-1886
-1948
-2080
-1949
-1854
-2177
-2314
-2355
-1969
-2305
-2420
-2228
-2235
-2347
-2122
-2246
-2474
-1853
-1960
-1862
-2275
-2480
-2460
-2492
-2080
-2337
-2346
-1967
-2262
-2363
-1952
-2495
-2008
-1992
-2151
-1867
-2413
-1993
-2420
-2389
-1972
-2496
-2186
-2236
-1947
-2328
-2420
-2156
-2482
-2173
-2161
-2055
-2128
-1963
-2302
-2244
-2086
-2129
-2378
-2216
-2036
-2358
-2442
-2459
-2267
-2174
-1963
-2216
-1964
-2528
-2361
-2210
-2357
-2031
-2162
-2262
-2476
-2544
-2035
-1939
-2330
-2025
-2355
-1998
-2390
-2390
-2114
-2028
-2175
-2201
-2378
-2294
-2309
-2092
-2228
-1926
-2292
-2208
-2358
-2009
-1951
-2009
-2257
-2341
-2138
-2351
-2542
-2222
-2393
-2075
-2091
-2060
-2168
-2334
-2045
-2041
-2147
-2372
-2237
-2548
-2513
-2440
-2097
-2279
-2369
-2440
-2033
-1999
-2187
-2332
-2262
-2159
-2351
-2114
-2276
-2157
-2189
-2166
-2111
-1981
-2584
-2318
-2537
-2325
-2184
-2153
-2208
-2506
-2012
-2175
-2429
-2132
-2391
-2345
-2141
-2183
-1996
-2046
-2595
-2095
-2128
-2571
-2514
-2449
-2355
-2039
-2606
-2533
-2098
-2462
-2007
-2339
-2529
-2474
-2115
-2563
-2541
-2172
-2638
-2198
-2123
-2138
-2270
-2083
-2337
-2484
-2080
-2397
-2612
-2319
-2569
-2121
-2136
-2067
-2034
-2210
-2292
-2340
-2515
-2119
-2650
-2564
-2101
-2178
-2197
-2376
-2383
-2527
-2173
-2122
-2670
-2542
-2372
-2353
-2343
-2070
-2504
-2137
-2275
-2310
-2407
-2538
-2562
-2137
-2479
-2428
-2338
-2082
-2343
-2284
-2685
-2174
-2545
-2633
-2597
-2465
-2588
-2664
-2652
-2369
-2181
-2419
-2465
-2596
-2267
-2357
-2442
-2306
-2543
-2430
-2401
-2087
-2645
-2277
-2284
-2190
-2168
-2314
-2306
-2456
-2568
-2289
-2125
-2611
-2244
-2503
-2201
-2137
-2372
-2736
-2558
-2722
-2463
-2538
-2478
-2446
-2571
-2250
-2176
-2185
-2295
-2582
-2560
-2728
-2712
-2355
-2580
-2524
-2663
-2369
-2308
-2667
-2485
-2207
-2328
-2511
-2688
-2725
-2321
-2761
-2174
-2198
-2738
-2759
-2415
-2567
-2468
-2460
-2353
-2491
-2438
-2205
-2473
-2168
-2425
-2701
-2602
-2764
-2700
-2704
-2463
-2395
-2289
-2249
-2757
-2636
-2707
-2186
-2493
-2504
-2436
-2706
-2489
-2544
-2414
-2218
-2280
-2361
-2526
-2744
-2779
-2687
-2276
-2500
-2290
-2625
-2289
-2671
-2259
-2346
-2343
-2474
-2640
-2733
-2738
-2267
-2570
-2414
-2749
-2387
-2360
-2498
-2385
-2223
-2550
-2289
-2494
-2352
-2722
-2796
-2819
-2473
-2538
-2498
-2235
-2208
-2207
-2531
-2612
-2506
-2828
-2442
-2670
-2262
-2309
-2233
-2691
-2258
-2233
-2794
-2836
-2358
-2720
-2857
-2588
-2593
-2262
-2613
-2803
-2705
-2332
-2791
-2753
-2768
-2525
-2843
-2471
-2594
-2771
-2514
-2335
-2576
-2634
-2483
-2314
-2703
-2407
-2487
-2252
-2645
-2884
-2833
-2483
-2423
-2344
-2402
-2467
-2400
-2820
-2345
-2533
-2304
-2703
-2793
-2693
-2574
-2825
-2355
-2449
-2627
-2877
-2351
-2445
-2464
-2815
-2831
-2349
-2589
-2575
-2845
-2797
-2565
-2787
-2434
-2800
-2576
-2842
-2505
-2582
-2301
-2882
-2498
-2445
-2820
-2677
-2602
-2354
-2672
-2325
-2338
-2383
-2525
-2468
-2917
-2850
-2474
-2886
-2333
-2436
-2931
-2512
-2422
-2917
-2916
-2533
-2851
-2810
-2890
-2833
-2406
-2686
-2443
-2834
-2425
-2471
-2914
-2690
-2440
-2698
-2951
-2890
-2451
-2528
-2361
-2518
-2777
-2490
-2706
-2375
-2819
-2549
-2541
-2483
-2727
-2557
-2613
-2538
-2385
-2835
-2472
-2612
-2546
-2926
-2754
-2385
-2555
-2736
-2631
-2618
-2377
-2695
-2575
-2683
-2949
-2681
-2881
-2557
-2365
-2470
-2889
-2692
-2826
-2967
-2586
-2476
-2921
-2537
-2397
-2424
-2573
-2780
-2661
-2426
-2489
-2452
-2694
-2909
-2689
-2864
-2807
-2780
-2654
-2576
-2607
-2517
-2833
-2697
-2817
-2513
-2818
-2995
-2687
-2712
-2625
-2534
-2823
-2869
-2536
-2662
-2661
-2609
-2657
-2841
-2572
-2480
-2511
-3001
-2564
-2768
-2787
-2727
-2806
-2425
-2766
-2888
-2975
-3033
-2478
-2485
-2990
-2968
-2792
-2862
-2795
-2692
-2768
-2616
-2789
-3046
-2563
-2830
-2551
-2938
-2772
-2488
-2833
-2728
-3042
-2744
-2552
-2790
-2829
-2815
-2622
-2629
-2590
-2909
-3055
-2805
-2727
-2661
-2520
-2767
-3081
-2906
-2471
-3050
-2828
-2791
-2697
-2596
-2935
-2590
-2864
-2681
-2878
-3071
-2812
-2621
-3070
-2732
-2871
-2931
-2908
-2877
-2782
-3067
-2581
-2849
-3044
-2526
-3014
-2794
-2877
-2750
-2641
-2957
-2686
-3096
-3102
-2592
-2569
-3098
-2545
-2859
-2635
-2518
-2743
-2727
-2609
-2623
-2917
-2608
-2527
-2926
-2804
-2646
-2848
-3031
-2765
-3005
-2604
-3067
-2758
-2655
-3078
-2955
-2833
-3105
-2612
-2932
-2554
-3164
-2941
-3147
-3087
-2717
-2762
-2707
-2551
-3009
-2974
-2955
-2785
-2705
-2661
-3165
-3103
-2827
-2654
-2845
-3063
-3082
-3046
-2810
-2795
-3069
-3156
-3080
-2568
-3080
-2887
-3048
-2784
-2779
-3051
-2848
-2888
-2858
-2566
-2639
-2630
-2796
-2643
-2652
-2686
-2606
-3179
-2596
-2722
-2852
-2640
-2902
-2911
-3139
-2608
-2727
-2790
-3001
-2682
-2907
-3097
-3092
-3202
-3124
-3027
-3045
-2739
-3181
-2602
-2918
-2720
-3144
-2859
-2988
-3222
-2740
-2641
-2955
-2945
-3214
-2728
-2861
-2886
-2795
-2623
-2908
-2669
-3057
-2887
-2720
-2801
-2922
-3138
-3194
-3159
-3017
-3147
-2703
-2806
-2862
-2989
-2716
-3170
-2791
-2680
-3065
-3017
-3056
-3104
-2851
-2797
-2895
-2769
-2808
-3165
-2688
-2934
-3033
-2988
-2658
-3213
-3099
-2847
-2754
-3160
-2928
-2813
-2929
-3081
-2807
-2835
-2838
-3030
-3023
-3251
-2883
-3103
-3274
-2857
-2728
-2688
-2869
-3028
-3085
-2904
-2784
-3264
-3012
-2930
-2750
-2719
-2875
-3244
-3020
-3206
-3049
-2974
-3201
-2769
-2803
-2992
-3299
-3120
-2858
-3267
-2869
-3321
-3231
-3041
-3326
-2811
-3009
-3063
-3230
-3014
-3161
-3009
-2849
-2856
-2786
-3171
-3219
-3032
-3259
-2900
-3352
-3354
-3105
-3288
-3160
-3358
-3069
-3187
-3232
-2931
-3171
-3195
-2915
-2994
-3227
-3370
-2804
-3175
-2918
-3128
-2772
-3067
-2804
-3257
-2774
-3270
-3231
-3377
-3005
-2868
-2928
-2795
-2967
-3159
-3334
-3253
-3390
-2885
-3058
-3312
-3326
-2845
-3374
-3146
-3139
-2979
-3232
-3283
-2942
-3290
-2922
-3382
-2998
-3244
-3346
-3137
-3106
-3131
-3005
-3052
-3241
-2864
-2976
-3233
-2884
-3058
-3163
-3243
-3027
-2904
-3136
-3050
-3343
-3295
-3151
-3011
-2912
-3017
-3036
-3238
-3210
-3173
-3168
-3007
-3437
-3198
-2842
-2948
-3291
-2879
-2891
-3009
-2951
-3053
-3120
-3432
-2841
-3098
-3175
-2901
-3110
-3300
-3376
-3111
-3283
-3349
-3266
-3314
-3301
-3102
-3245
-3215
-3133
-3035
-3253
-2830
-3345
-2951
-3075
-3041
-3203
-3357
-2887
-3198
-3397
-3380
-2940
-3426
-2903
-3240
-3085
-3087
-3364
-3303
-3344
-3040
-3171
-2870
-3326
-2880
-3185
-3114
-3434
-3460
-3349
-3390
-3466
-2861
-2874
-3421
-2966
-3296
-3102
-2953
-3310
-3087
-2873
-2883
-3312
-2967
-2955
-3222
-3040
-3367
-3430
-3509
-3086
-3180
-3248
-3446
-2950
-2892
-3448
-3287
-3462
-2982
-3135
-3105
-3514
-3289
-3462
-2898
-3267
-3504
-3355
-3423
-3500
-3048
-3290
-3015
-3533
-3461
-3242
-3546
-3445
-2999
-2924
-3308
-3223
-3323
-3190
-3320
-3501
-3327
-3101
-3016
-3097
-3048
-3196
-3436
-3221
-2979
-2981
-3112
-3165
-2941
-3012
-3524
-3323
-3449
-3499
-3222
-3118
-3455
-3373
-3178
-2983
-3006
-3076
-3582
-3491
-3587
-3302
-3355
-3029
-3151
-3228
-3197
-3060
-3249
-3066
-3423
-3029
-3081
-3128
-3004
-3058
-3366
-3134
-3244
-3590
-3193
-3004
-3179
-3356
-3502
-3601
-3126
-3021
-3430
-3491
-3367
-3170
-3136
-3418
-3121
-3447
-3560
-3459
-3110
-3076
-3198
-3588
-3272
-3037
-3472
-3454
-3132
-3337
-3382
-3428
-3504
-3150
-3077
-3133
-3494
-3211
-3195
-3385
-3615
-3279
-3170
-3609
-3628
-3082
-3518
-3500
-3019
-3299
-3599
-3652
-3098
-3261
-3300
-3265
-3494
-3584
-3501
-3301
-3189
-3264
-3224
-3469
-3648
-3483
-3301
-3171
-3047
-3263
-3624
-3440
-3293
-3079
-3609
-3487
-3160
-3535
-3500
-3172
-3328
-3192
-3226
-3644
-3659
-3250
-3466
-3607
-3443
-3596
-3409
-3396
-3158
-3619
-3404
-3116
-3624
-3572
-3192
-3623
-3128
-3359
-3446
-3588
-3123
-3226
-3489
-3214
-3662
-3681
-3088
-3369
-3398
-3161
-3383
-3244
-3131
-3252
-3145
-3351
-3405
-3698
-3522
-3660
-3436
-3129
-3132
-3385
-3272
-3576
-3374
-3636
-3409
-3627
-3168
-3604
-3399
-3365
-3455
-3553
-3333
-3107
-3342
-3461
-3653
-3396
-3605
-3518
-3212
-3243
-3324
-3338
-3365
-3656
-3186
-3715
-3677
-3208
-3643
-3422
-3154
-3231
-3490
-3257
-3164
-3395
-3538
-3144
-3132
-3508
-3211
-3570
-3466
-3256
-3289
-3307
-3649
-3480
-3160
-3725
-3476
-3680
-3593
-3762
-3655
-3771
-3165
-3212
-3248
-3657
-3197
-3645
-3731
-3278
-3358
-3504
-3663
-3611
-3487
-3347
-3386
-3175
-3603
-3465
-3678
-3586
-3300
-3528
-3579
-3374
-3748
-3411
-3212
-3185
-3393
-3410
-3534
-3411
-3512
-3278
-3220
-3226
-3276
-3249
-3435
-3693
-3751
-3545
-3432
-3807
-3421
-3597
-3736
-3694
-3487
-3387
-3795
-3203
-3354
-3607
-3648
-3564
-3400
-3353
-3306
-3826
-3733
-3546
-3817
-3757
-3307
-3467
-3618
-3455
-3300
-3692
-3414
-3720
-3221
-3559
-3587
-3315
-3465
-3726
-3475
-3453
-3759
-3704
-3823
-3262
-3730
-3326
-3829
-3776
-3668
-3471
-3624
-3723
-3810
-3675
-3515
-3313
-3696
-3870
-3771
-3888
-3491
-3265
-3810
-3871
-3810
-3397
-3777
-3851
-3619
-3405
-3350
-3638
-3757
-3294
-3614
-3822
-3535
-3678
-3797
-3405
-3459
-3275
-3519
-3451
-3447
-3603
-3638
-3828
-3733
-3518
-3481
-3465
-3618
-3330
-3435
-3720
-3802
-3827
-3448
-3605
-3575
-3496
-3457
-3759
-3301
-3625
-3306
-3662
-3869
-3747
-3313
-3483
-3487
-3731
-3664
-3775
-3810
-3486
-3616
-3860
-3900
-3805
-3761
-3393
-3716
-3655
-3766
-3727
-3613
-3499
-3705
-3720
-3523
-3575
-3942
-3934
-3910
-3459
-3900
-3349
-3824
-3682
-3545
-3652
-3453
-3888
-3737
-3362
-3386
-3545
-3779
-3765
-3791
-3535
-3671
-3868
-3603
-3410
-3662
-3398
-3862
-3747
-3593
-3537
-3949
-3418
-3994
-3457
-3588
-3463
-3886
-3844
-3424
-3584
-3847
-3859
-3554
-3747
-3415
-3564
-3618
-3665
-3963
-3432
-3470
-3715
-3460
-3798
-3396
-3501
-3924
-4012
-3666
-3689
-3544
-3762
-3998
-3738
-3531
-3520
-3982
-3945
-3898
-3501
-3949
-3888
-3559
-3610
-3906
-4013
-3674
-3894
-3592
-3627
-3760
-3602
-3415
-3914
-3864
-3881
-3497
-3437
-4043
-3869
-3801
-3966
-3565
-3734
-3796
-3696
-3821
-3761
-4023
-4010
-3499
-3707
-3859
-3954
-4010
-3891
-3722
-3977
-4047
-3868
-3723
-3644
-3451
-3814
-3898
-4032
-3761
-3442
-4030
-3544
-3973
-3767
-3973
-4036
-3593
-3659
-3682
-3986
-3516
-3719
-3772
-4002
-3877
-4031
-3976
-3792
-3964
-3736
-4048
-3899
-4019
-4055
-3867
-3689
-3760
-3956
-3603
-3820
-3904
-3940
-3729
-3554
-3770
-3678
-3607
-3710
-3842
-3621
-3890
-3590
-3975
-3596
-3624
-3759
-3725
-3597
-3582
-3665
-3935
-3873
-3915
-3998
-3526
-3592
-3677
-3994
-3649
-3927
-4036
-3885
-4110
-3887
-3582
-3677
-4073
-3727
-4098
-3607
-3673
-4153
-3715
-3763
-3943
-3885
-3586
-3798
-3998
-3597
-3744
-3819
-3555
-3656
-4090
-3802
-3537
-3530
-4089
-3839
-4047
-3840
-4142
-4174
-3682
-3919
-3708
-3565
-3963
-3737
-3789
-3601
-3753
-4127
-3590
-4183
-3761
-3752
-3723
-4117
-3746
-3621
-4056
-3863
-4117
-3584
-4140
-3636
-3859
-3937
-3691
-3919
-4108
-4013
-4098
-3745
-4067
-4072
-3869
-4171
-3732
-4115
-4048
-4114
-4137
-4096
-4173
-3919
-3885
-4084
-3750
-3964
-4181
-3900
-4112
-4140
-3633
-3992
-3997
-3929
-4198
-3863
-3841
-4102
-3909
-3860
-3986
-3646
-3981
-3957
-4111
-3638
-4065
-3867
-3929
-3959
-3955
-4064
-4147
-3651
-3857
-3937
-4149
-4242
-4143
-4026
-3826
-3670
-4120
-3700
-3626
-4151
-4153
-4238
-4202
-3927
-3844
-4048
-4034
-4197
-4202
-3676
-3968
-4232
-4228
-3856
-3978
-3828
-4197
-3801
-4203
-3977
-4051
-4028
-4203
-3839
-3965
-4101
-3747
-3805
-4025
-3694
-3659
-3892
-3794
-3738
-3723
-4118
-4223
-3808
-4162
-3831
-4225
-3889
-4274
-4279
-4169
-4291
-3982
-4147
-4119
-3879
-3869
-3725
-4054
-4189
-4151
-4143
-3986
-4063
-4048
-4140
-3983
-4057
-4323
-3887
-4079
-4255
-4019
-3717
-4166
-3899
-4251
-4148
-3936
-3906
-3813
-3960
-3729
-4106
-4342
-3822
-4051
-4076
-4040
-4176
-4227
-3930
-3938
-4264
-3767
-3960
-4330
-4002
-4094
-4321
-4258
-3792
-3935
-4047
-3952
-4266
-4070
-4002
-4101
-3973
-4268
-4031
-3793
-4188
-4154
-3812
-4374
-3796
-4019
-4184
-3838
-4160
-4111
-4296
-4052
-4035
-4245
-3746
-3747
-3788
-4340
-4053
-4104
-4337
-4046
-3845
-4199
-4068
-4145
-3812
-4308
-4298
-3762
-4124
-4008
-3859
-3977
-4217
-4258
-4127
-3894
-4232
-4075
-4155
-3914
-4035
-4004
-4210
-3777
-3930
-4089
-3877
-3783
-4062
-4069
-3820
-4401
-4173
-4194
-4327
-3962
-4117
-4203
-4385
-4177
-3911
-4023
-4222
-3854
-3862
-4183
-4318
-4130
-3931
-4072
-4302
-4265
-4215
-4157
-4158
-3822
-4166
-4428
-4037
-4108
-4254
-4306
-4199
-4092
-4430
-4305
-4390
-4096
-3951
-4316
-4046
-3918
-3839
-3870
-3933
-4164
-4197
-4367
-4126
-4055
-4105
-4021
-3997
-4253
-3983
-4385
-3890
-3857
-3987
-4224
-4280
-4008
-4133
-3874
-4459
-3874
-4474
-4297
-4253
-4355
-4008
-3994
-4160
-4264
-4318
-4190
-4339
-4050
-3953
-3926
-3904
-3916
-4087
-4495
-4290
-4169
-4427
-4088
-4162
-4364
-4273
-4337
-4151
-4056
-4320
-4469
-4102
-4202
-4038
-4475
-4105
-3951
-4257
-4301
-4161
-4369
-4404
-4465
-4025
-4029
-4181
-4434
-4081
-3963
-4202
-4425
-4287
-4180
-4368
-4020
-4209
-4045
-4026
-4305
-4399
-4322
-4303
-4022
-3954
-3955
-4146
-4330
-4477
-4065
-4114
-4291
-4333
-4031
-4322
-4474
-4343
-4070
-3940
-4243
-4151
-4263
-4167
-4346
-4360
-4458
-4058
-4429
-3975
-4393
-4450
-3971
-4204
-4521
-4379
-4454
-4187
-4409
-4126
-4221
-4077
-4130
-4237
-4030
-4372
-4493
-4491
-4377
-4360
-4173
-4136
-4169
-4287
-4586
-4323
-4244
-4324
-4399
-4188
-4048
-4261
-4095
-4011
-4557
-4607
-4290
-4555
-4188
-4529
-4273
-4320
-4172
-3987
-4166
-4164
-4018
-4205
-4542
-4093
-4452
-4528
-3990
-4381
-4444
-4143
-4103
-4258
-4316
-4286
-4013
-4481
-4419
-4606
-4037
-4362
-4231
-4019
-4047
-4069
-4228
-4194
-4330
-4332
-4285
-4075
-4167
-4290
-4594
-4092
-4634
-4386
-4137
-4228
-4086
-4201
-4659
-4122
-4653
-4335
-4633
-4524
-4406
-4085
-4570
-4344
-4560
-4034
-4507
-4344
-4456
-4547
-4598
-4498
-4583
-4225
-4616
-4270
-4407
-4138
-4561
-4330
-4346
-4324
-4351
-4483
-4526
-4081
-4350
-4559
-4686
-4089
-4329
-4518
-4197
-4462
-4336
-4068
-4164
-4091
-4333
-4548
-4637
-4571
-4202
-4609
-4360
-4097
-4195
-4506
-4382
-4565
-4176
-4422
-4433
-4140
-4314
-4670
-4353
-4173
-4570
-4505
-4218
-4225
-4478
-4110
-4479
-4567
-4223
-4578
-4408
-4173
-4106
-4604
-4294
-4575
-4112
-4284
-4595
-4481
-4376
-4647
-4237
-4304
-4703
-4198
-4745
-4689
-4295
-4540
-4327
-4535
-4737
-4707
-4363
-4146
-4593
-4310
-4274
-4299
-4163
-4334
-4374
-4411
-4431
-4265
-4701
-4473
-4284
-4674
-4680
-4653
-4259
-4700
-4478
-4582
-4440
-4252
-4441
-4778
-4365
-4379
-4450
-4742
-4644
-4687
-4712
-4396
-4265
-4410
-4403
-4616
-4561
-4252
-4534
-4231
-4644
-4544
-4747
-4721
-4182
-4803
-4738
-4582
-4352
-4532
-4463
-4788
-4808
-4471
-4727
-4775
-4584
-4281
-4734
-4546
-4570
-4481
-4613
-4601
-4358
-4531
-4236
-4243
-4664
-4665
-4609
-4273
-4768
-4813
-4650
-4652
-4671
-4438
-4217
-4666
-4321
-4622
-4555
-4557
-4551
-4763
-4708
-4335
-4631
-4633
-4210
-4610
-4545
-4829
-4267
-4779
-4544
-4416
-4847
-4538
-4564
-4543
-4264
-4851
-4331
-4770
-4483
-4644
-4303
-4538
-4746
-4583
-4506
-4749
-4417
-4602
-4631
-4873
-4698
-4635
-4315
-4721
-4858
-4243
-4530
-4280
-4353
-4286
-4689
-4673
-4441
-4496
-4272
-4712
-4766
-4438
-4354
-4304
-4353
-4279
-4368
-4806
-4722
-4319
-4423
-4724
-4760
-4901
-4715
-4604
-4330
-4291
-4722
-4869
-4894
-4526
-4918
-4440
-4477
-4526
-4887
-4376
-4716
-4416
-4858
-4570
-4540
-4366
-4386
-4481
-4689
-4928
-4828
-4438
-4560
-4824
-4829
-4580
-4539
-4531
-4869
-4531
-4649
-4921
-4830
-4338
-4595
-4871
-4678
-4850
-4910
-4917
-4806
-4494
-4636
-4895
-4568
-4462
-4714
-4331
-4844
-4627
-4775
-4830
-4856
-4621
-4681
-4664
-4688
-4525
-4967
-4369
-4692
-4945
-4522
-4485
-4583
-4778
-4366
-4702
-4746
-4374
-4700
-4813
-4835
-4500
-4414
-4861
-4654
-4384
-4776
-4446
-4491
-4851
-4405
-4710
-4900
-4809
-4881
-4742
-4618
-4709
-4832
-4385
-4612
-4404
-4503
-4913
-4775
-4444
-4968
-4869
-4516
-4661
-4697
-4688
-4667
-4637
-4482
-4426
-4501
-4777
-5013
-4669
-4487
-4534
-5015
-4936
-4491
-4703
-4627
-4936
-4791
-4910
-4416
-4598
-4983
-4897
-4558
-4568
-4691
-4922
-4627
-4673
-4555
-4994
-4593
-4763
-4811
-4786
-4642
-4419
-5004
-5017
-4861
-4918
-4581
-4992
-4988
-4438
-4755
-4778
-4702
-4773
-5034
-5011
-4954
-4741
-4683
-5061
-4931
-4535
-4617
-5009
-4676
-4844
-4906
-4548
-4633
-4954
-4456
-4847
-4627
-4704
-4745
-4686
-5084
-4783
-4466
-4560
-4822
-5078
-4787
-5089
-4802
-4952
-4982
-4956
-4663
-5073
-4511
-4878
-4521
-4754
-4604
-4546
-4854
-4917
-5006
-4577
-4889
-4632
-4526
-4751
-4561
-4517
-4669
-4718
-4734
-4548
-4832
-4622
-4755
-4728
-4949
-4796
-4972
-4704
-4693
-4621
-4556
-4544
-4657
-4526
-4558
-4710
-4699
-5080
-4958
-4999
-4554
-4716
-4661
-4921
-4858
-4584
-5126
-5125
-4965
-4556
-4677
-4787
-4677
-5155
-4752
-4814
-4756
-4576
-5071
-4782
-4893
-5025
-4845
-4788
-4930
-4936
-4922
-4875
-4572
-5002
-5138
-4957
-4633
-5139
-4877
-4556
-4565
-4737
-4973
-4998
-4591
-5074
-4564
-4956
-4879
-4731
-4629
-4846
-5162
-4755
-5122
-4629
-5185
-4785
-4872
-4691
-5196
-4738
-5161
-5092
-4575
-5042
-4914
-4638
-4793
-4641
-5001
-4923
-4983
-5107
-5011
-4873
-4877
-5149
-4823
-5157
-5186
-5135
-4845
-4797
-4859
-5088
-4874
-5063
-4786
-4605
-5018
-4679
-5035
-4824
-4807
-5223
-5221
-5032
-4822
-5071
-4640
-5128
-5185
-5068
-4919
-4864
-5244
-5001
-5242
-5121
-5067
-4814
-4822
-5163
-4860
-4806
-5016
-5215
-5058
-4906
-5126
-5215
-4632
-5025
-4791
-5176
-5067
-4905
-5008
-4937
-5175
-4693
-5258
-4678
-4886
-4985
-4685
-5171
-5001
-4896
-5005
-4877
-4641
-4668
-4759
-4920
-4768
-4822
-5093
-4959
-4989
-5066
-5021
-4727
-5285
-4927
-4830
-4738
-4811
-4731
-5206
-5256
-5141
-4840
-5156
-4975
-4766
-4971
-5303
-4755
-4988
-4670
-4799
-4708
-4683
-5089
-4899
-5146
-4717
-4959
-4946
-4759
-5168
-5047
-5032
-4854
-4765
-5135
-4964
-5244
-4702
-5103
-5247
-4867
-5259
-5274
-5242
-5270
-5072
-5042
-5336
-5199
-4911
-4797
-4744
-5024
-5156
-5068
-5165
-5299
-4946
-4864
-5239
-4818
-4725
-4912
-4732
-5336
-4821
-4857
-4746
-5041
-5341
-5285
-5276
-4885
-4899
-5097
-5085
-4756
-5194
-5143
-5347
-4752
-4787
-4741
-5102
-5372
-5258
-4872
-4774
-4853
-4827
-5053
-4975
-5249
-5065
-4891
-5301
-5312
-5251
-5185
-5000
-4817
-5154
-4810
-5167
-5240
-5208
-5351
-5301
-5332
-4884
-5399
-4997
-4898
-4786
-5120
-5236
-4866
-4985
-5253
-5209
-5262
-4800
-4969
-5033
-4826
-5088
-5003
-5056
-4935
-5051
-5305
-4839
-4883
-5047
-5121
-4972
-5001
-4866
-5071
-5248
-5186
-5184
-5318
-5132
-5206
-4862
-4884
-4845
-4925
-5113
-5046
-4899
-5357
-5240
-5224
-5157
-4949
-5001
-5149
-4959
-5199
-5285
-4812
-5386
-5280
-5021
-5341
-4848
-5368
-5132
-4921
-5095
-5034
-5254
-5219
-5139
-4868
-5047
-5081
-4904
-5147
-5256
-4958
-4866
-4874
-5335
-5364
-4979
-4988
-5044
-5127
-5418
-5087
-4900
-4990
-5331
-5162
-4940
-5428
-5458
-5126
-4992
-5007
-5159
-5177
-5389
-4971
-4929
-4973
-5470
-5105
-5077
-5063
-5380
-5289
-5382
-5503
-4962
-4980
-5067
-5368
-5391
-5108
-5039
-5339
-5375
-5345
-5063
-5051
-5424
-5234
-5519
-5234
-5147
-5228
-5122
-4999
-4976
-5368
-5368
-5464
-5156
-5307
-5279
-5121
-5005
-5488
-5471
-5264
-5451
-5437
-4919
-4991
-4959
-5221
-5464
-5064
-5022
-5254
-4946
-5264
-5259
-5142
-5028
-5237
-5080
-5416
-5419
-5079
-5213
-5126
-5059
-5452
-5263
-5532
-5371
-5038
-5388
-5533
-5490
-5218
-5244
-5390
-4995
-5296
-5228
-5086
-5186
-5467
-5411
-4990
-5177
-5422
-4947
-5397
-5003
-5447
-5084
-5340
-5209
-5360
-5212
-5401
-5392
-5224
-5382
-5409
-5230
-5597
-5501
-5176
-5444
-5355
-5275
-5542
-5322
-5494
-5412
-5275
-5110
-5428
-5596
-5440
-5183
-5069
-5247
-5147
-5561
-5217
-5561
-5559
-5047
-5552
-5187
-5239
-5315
-5584
-5119
-5103
-5002
-5255
-5217
-4991
-5385
-5092
-5025
-5509
-5433
-5251
-5342
-5055
-5446
-5456
-5391
-5078
-5109
-5517
-5055
-5462
-5157
-5596
-5190
-5389
-5117
-5537
-5623
-5061
-5372
-5025
-5062
-5235
-5106
-5036
-5417
-5074
-5470
-5047
-5287
-5386
-5448
-5487
-5345
-5603
-5512
-5195
-5089
-5220
-5545
-5326
-5451
-5450
-5278
-5615
-5355
-5591
-5353
-5179
-5494
-5380
-5144
-5290
-5265
-5681
-5232
-5694
-5690
-5685
-5084
-5266
-5420
-5402
-5575
-5687
-5496
-5629
-5296
-5486
-5155
-5371
-5207
-5686
-5633
-5564
-5264
-5521
-5408
-5576
-5606
-5137
-5091
-5501
-5611
-5239
-5581
-5613
-5570
-5400
-5319
-5497
-5384
-5321
-5438
-5419
-5533
-5554
-5182
-5400
-5332
-5334
-5114
-5504
-5552
-5617
-5361
-5261
-5188
-5476
-5702
-5510
-5630
-5254
-5518
-5156
-5182
-5308
-5143
-5743
-5644
-5280
-5306
-5607
-5230
-5160
-5705
-5274
-5299
-5527
-5691
-5175
-5756
-5467
-5710
-5361
-5629
-5397
-5558
-5368
-5403
-5258
-5540
-5277
-5361
-5301
-5756
-5705
-5416
-5780
-5700
-5153
-5522
-5274
-5295
-5300
-5208
-5410
-5497
-5340
-5613
-5792
-5163
-5608
-5166
-5225
-5621
-5249
-5489
-5389
-5575
-5614
-5563
-5633
-5691
-5418
-5481
-5276
-5535
-5522
-5305
-5603
-5275
-5388
-5183
-5435
-5490
-5683
-5731
-5729
-5435
-5497
-5295
-5487
-5271
-5484
-5727
-5679
-5807
-5229
-5511
-5596
-5310
-5420
-5332
-5420
-5226
-5699
-5524
-5641
-5477
-5485
-5246
-5802
-5378
-5367
-5758
-5230
-5845
-5633
-5398
-5457
-5459
-5718
-5595
-5324
-5288
-5771
-5782
-5549
-5505
-5307
-5259
-5309
-5269
-5242
-5392
-5289
-5444
-5608
-5476
-5643
-5823
-5370
-5519
-5430
-5271
-5788
-5560
-5528
-5581
-5677
-5534
-5502
-5282
-5550
-5796
-5883
-5590
-5364
-5871
-5521
-5448
-5689
-5463
-5432
-5641
-5269
-5443
-5458
-5848
-5431
-5425
-5572
-5786
-5573
-5431
-5427
-5415
-5301
-5360
-5363
-5862
-5517
-5789
-5851
-5738
-5430
-5881
-5412
-5701
-5364
-5841
-5709
-5880
-5564
-5662
-5467
-5619
-5649
-5874
-5844
-5532
-5668
-5403
-5487
-5502
-5783
-5759
-5345
-5641
-5673
-5707
-5854
-5608
-5537
-5764
-5811
-5926
-5863
-5408
-5476
-5558
-5954
-5929
-5410
-5581
-5904
-5357
-5622
-5969
-5460
-5494
-5569
-5499
-5412
-5689
-5968
-5904
-5701
-5809
-5876
-5644
-5794
-5514
-5629
-5607
-5966
-5444
-5382
-5747
-5908
-5978
-5389
-5428
-5811
-5911
-5360
-5398
-5763
-5854
-5935
-5757
-5449
-5382
-5459
-5900
-5424
-5613
-5540
-5794
-5609
-5506
-5979
-5725
-5874
-5713
-5938
-5798
-5821
-5836
-5619
-5591
-5940
-6017
-5639
-5930
-5459
-5720
-5476
-5668
-5974
-5477
-5686
-5638
-5435
-5550
-5748
-5596
-5831
-5594
-5697
-5572
-5953
-5409
-6023
-5517
-5904
-5605
-5681
-5817
-5605
-5438
-5781
-5799
-5983
-5638
-5654
-5941
-5425
-5518
-5421
-5828
-5566
-5532
-6008
-5574
-5498
-5892
-5505
-5973
-5690
-5831
-5945
-6046
-5857
-5449
-5664
-5620
-6051
-5986
-5515
-5838
-5498
-5750
-5751
-5610
-5742
-6075
-5787
-5779
-5541
-5816
-5653
-5790
-6023
-5673
-5518
-5494
-6042
-5917
-5729
-5664
-6060
-6015
-5500
-6103
-5728
-5745
-5749
-5927
-5840
-5946
-5533
-5694
-5650
-5615
-5555
-5713
-5691
-5920
-5679
-5659
-5956
-6099
-5731
-5664
-6037
-5519
-6051
-5650
-5790
-5765
-6095
-5739
-5879
-5694
-5494
-6127
-5596
-6085
-5778
-6014
-5825
-5613
-5881
-6018
-6020
-5694
-5997
-5876
-5515
-5719
-5795
-6022
-5869
-6129
-6034
-5654
-5786
-6093
-6011
-5893
-6148
-5783
-5581
-5835
-6007
-6039
-5940
-5995
-6075
-6100
-5974
-5944
-6119
-6175
-5567
-5858
-5937
-5573
-5790
-5662
-5621
-5792
-5766
-5830
-6081
-5874
-6009
-6020
-5583
-5831
-5562
-5579
-6011
-6147
-5653
-5884
-5881
-5906
-5966
-5594
-5668
-5877
-6186
-5775
-5797
-5977
-5943
-5607
-5842
-5976
-6087
-6148
-6197
-5655
-5978
-5947
-5867
-6181
-6181
-5792
-5646
-5740
-5673
-5743
-5651
-5799
-6087
-6041
-5880
-6136
-5601
-5816
-5867
-6094
-5876
-6123
-6051
-6198
-5993
-6035
-6014
-5992
-5701
-5975
-5701
-5791
-5865
-5871
-6012
-5827
-6230
-6175
-6235
-5632
-6131
-6120
-5871
-5950
-5742
-5977
-5744
-5729
-5702
-5973
-6240
-5784
-5880
-5649
-6029
-5668
-6019
-5966
-5838
-5719
-6158
-5636
-6195
-5680
-6096
-5913
-5774
-6057
-5813
-5643
-6079
-5924
-6089
-6240
-6289
-5798
-6040
-5873
-5721
-5916
-5673
-5936
-6026
-5692
-6005
-5942
-6041
-6142
-6056
-6142
-5802
-6086
-5932
-6147
-6081
-5679
-5992
-6123
-6039
-6114
-6182
-5857
-5845
-5676
-6157
-6181
-6191
-5691
-6255
-6110
-5803
-6181
-5763
-5855
-5760
-5753
-5778
-5885
-5778
-5904
-6297
-6216
-5867
-5874
-6019
-5965
-5951
-5719
-5819
-6135
-6181
-5714
-5925
-5814
-5783
-5811
-5976
-6094
-5933
-6315
-5777
-5868
-5961
-6233
-5963
-5992
-5978
-6203
-6207
-6190
-5972
-6128
-5952
-6044
-5980
-6344
-5750
-5789
-6272
-6326
-5780
-6121
-5760
-5799
-5948
-6259
-6049
-6351
-5792
-6224
-5789
-6163
-6238
-5856
-6136
-6289
-6333
-5797
-6312
-6159
-6141
-5987
-6236
-5996
-6351
-5813
-6163
-6127
-6108
-6346
-5831
-6038
-6031
-6016
-6043
-6133
-6188
-6230
-6400
-6331
-6365
-6001
-6059
-6190
-6088
-5911
-6254
-6385
-6378
-6166
-6218
-6290
-6376
-5959
-6322
-6030
-6249
-5842
-6236
-6200
-5874
-6371
-5843
-6024
-6429
-5835
-6008
-6260
-5909
-6344
-5878
-6336
-5962
-6441
-5809
-6311
-6230
-5959
-6207
-6020
-6379
-5989
-6384
-6115
-6097
-6374
-5945
-5845
-6193
-6459
-5911
-5978
-6159
-5933
-6186
-6079
-6052
-5902
-6351
-5982
-6434
-6036
-5935
-5948
-5977
-6121
-6074
-6301
-5848
-6236
-6124
-6085
-6147
-5942
-6071
-6337
-5890
-5909
-6106
-6091
-6348
-6098
-5876
-5885
-6443
-6171
-6241
-6491
-6391
-6036
-6066
-6064
-6125
-6405
-6088
-6152
-5912
-6104
-5903
-5994
-6316
-6177
-6362
-6003
-6164
-6173
-6330
-6050
-5885
-6507
-6025
-6395
-6374
-6506
-6163
-6302
-5922
-5955
-5938
-6167
-6392
-5929
-5937
-6517
-6091
-6522
-6194
-6140
-6011
-6118
-6372
-6250
-6319
-6366
-6081
-5935
-5968
-6245
-6358
-6077
-6045
-6267
-6486
-6471
-6419
-6055
-6423
-6341
-6089
-6324
-6082
-6456
-6278
-6151
-6353
-5995
-6328
-6240
-6294
-6397
-6435
-6535
-6198
-6358
-6144
-6201
-6343
-6131
-6189
-6109
-5957
-6128
-6303
-6150
-6481
-5982
-6498
-6341
-6435
-6131
-6077
-6008
-6122
-6380
-6340
-6195
-6148
-6110
-6241
-6547
-6244
-6169
-6341
-6292
-6598
-6136
-6403
-5977
-6098
-6450
-6122
-6487
-6469
-6353
-6048
-6238
-6341
-6472
-6376
-6375
-6336
-6177
-6528
-6624
-6216
-6360
-6303
-6333
-6616
-6355
-6474
-6064
-6307
-6413
-6535
-6078
-6634
-6413
-6053
-6401
-6119
-6182
-6474
-6128
-6215
-6300
-6130
-6041
-6029
-6191
-6525
-6253
-6440
-6345
-6456
-6023
-6315
-6369
-6519
-6511
-6030
-6114
-6371
-6628
-6095
-6069
-6471
-6529
-6161
-6287
-6083
-6085
-6386
-6439
-6383
-6673
-6236
-6512
-6212
-6377
-6648
-6228
-6423
-6412
-6304
-6076
-6595
-6183
-6095
-6578
-6405
-6479
-6105
-6090
-6152
-6502
-6457
-6558
-6203
-6406
-6676
-6094
-6602
-6227
-6135
-6299
-6575
-6454
-6296
-6302
-6145
-6526
-6357
-6362
-6625
-6678
-6711
-6115
-6670
-6224
-6244
-6651
-6588
-6134
-6541
-6311
-6166
-6607
-6697
-6651
-6377
-6551
-6677
-6449
-6535
-6401
-6306
-6459
-6552
-6565
-6180
-6588
-6376
-6642
-6739
-6542
-6159
-6282
-6230
-6650
-6453
-6176
-6535
-6487
-6217
-6602
-6276
-6762
-6496
-6666
-6172
-6413
-6325
-6256
-6389
-6716
-6763
-6160
-6691
-6665
-6461
-6217
-6334
-6148
-6334
-6762
-6660
-6676
-6301
-6580
-6343
-6183
-6244
-6496
-6167
-6513
-6489
-6419
-6365
-6502
-6466
-6472
-6392
-6252
-6397
-6282
-6213
-6265
-6197
-6168
-6280
-6549
-6319
-6446
-6801
-6195
-6611
-6517
-6722
-6320
-6587
-6496
-6404
-6361
-6511
-6516
-6389
-6691
-6588
-6550
-6561
-6374
-6767
-6771
-6573
-6611
-6800
-6629
-6271
-6827
-6283
-6272
-6803
-6357
-6641
-6359
-6808
-6205
-6464
-6413
-6441
-6765
-6622
-6431
-6394
-6756
-6454
-6414
-6794
-6732
-6217
-6462
-6663
-6633
-6356
-6651
-6708
-6680
-6224
-6664
-6529
-6448
-6772
-6456
-6750
-6348
-6656
-6352
-6436
-6469
-6384
-6629
-6511
-6255
-6509
-6508
-6441
-6869
-6340
-6272
-6797
-6643
-6809
-6473
-6389
-6487
-6765
-6792
-6364
-6718
-6626
-6574
-6758
-6711
-6746
-6751
-6335
-6760
-6372
-6864
-6767
-6802
-6903
-6326
-6857
-6406
-6808
-6780
-6815
-6635
-6491
-6848
-6619
-6902
-6876
-6483
-6679
-6481
-6808
-6870
-6718
-6799
-6436
-6652
-6851
-6762
-6438
-6802
-6784
-6299
-6294
-6885
-6764
-6704
-6608
-6927
-6334
-6628
-6481
-6890
-6657
-6895
-6492
-6853
-6927
-6667
-6454
-6896
-6322
-6493
-6936
-6777
-6513
-6609
-6588
-6427
-6901
-6424
-6897
-6660
-6554
-6779
-6531
-6427
-6782
-6677
-6346
-6533
-6551
-6651
-6521
-6871
-6710
-6790
-6480
-6592
-6878
-6424
-6777
-6524
-6622
-6808
-6868
-6618
-6502
-6492
-6658
-6524
-6520
-6981
-6593
-6437
-6986
-6591
-6500
-6895
-6425
-6749
-6696
-6898
-6871
-6621
-6532
-6852
-6977
-6455
-6656
-6545
-6543
-6764
-6957
-6981
-6379
-6792
-6994
-6422
-6570
-6969
-7013
-6722
-6830
-6986
-6970
-6854
-6955
-6596
-6873
-6792
-6608
-6972
-6754
-6967
-6506
-6758
-6699
-6954
-6951
-6401
-6847
-6659
-6946
-6477
-6952
-6947
-7048
-6421
-6754
-6931
-6850
-7041
-6859
-6511
-6909
-6543
-6603
-6527
-6673
-6603
-7028
-6992
-6757
-6766
-6910
-6971
-6978
-7029
-6956
-6785
-6574
-6665
-6647
-6607
-6794
-6624
-6885
-7004
-6914
-6628
-6687
-6448
-6825
-6602
-6902
-6656
-6814
-6769
-6822
-6464
-6784
-6829
-6918
-7008
-6489
-6573
-6619
-7043
-6460
-6986
-6943
-6991
-6697
-6823
-7054
-6682
-6685
-6603
-6990
-6575
-6838
-6727
-6652
-6589
-6597
-6510
-6563
-7013
-6934
-6814
-6589
-7025
-6609
-6495
-6751
-6570
-6496
-6541
-6882
-6573
-6566
-7000
-6744
-6913
-7011
-6716
-6607
-6839
-7050
-7044
-6892
-7140
-7142
-6702
-6610
-6727
-7065
-6512
-7109
-6654
-6696
-7012
-6959
-6753
-6898
-6672
-6650
-6558
-6806
-6560
-6729
-6602
-6560
-6713
-6547
-6879
-6771
-6618
-6611
-6729
-6806
-6805
-6754
-7164
-6966
-6833
-6623
-6892
-6658
-7080
-6710
-6640
-6941
-6706
-7140
-7169
-6841
-6953
-7113
-6677
-6948
-6610
-6981
-7103
-6594
-6792
-7054
-7121
-6924
-7101
-7191
-6684
-7139
-6804
-7172
-6916
-6751
-6696
-6999
-7194
-7048
-7087
-6976
-6647
-7047
-6719
-6946
-7044
-6954
-6873
-6615
-6886
-6935
-7120
-6716
-6630
-7016
-7139
-7094
-6836
-7026
-7228
-6850
-6950
-7157
-6627
-7067
-7127
-7035
-6726
-6627
-7232
-6820
-7116
-6825
-6733
-6891
-6712
-7077
-7232
-6620
-7175
-6738
-7082
-6749
-6998
-6808
-7245
-7079
-6631
-6834
-7160
-7224
-6772
-7068
-7154
-6928
-7129
-6804
-6833
-6914
-7144
-7151
-6791
-6847
-7174
-7276
-7035
-6872
-6935
-7007
-6816
-6676
-6941
-7273
-7168
-6994
-6741
-7115
-6789
-6756
-6766
-6860
-6720
-7174
-6667
-6708
-7154
-6835
-6699
-6779
-6746
-6816
-6871
-7213
-6723
-7115
-7053
-6767
-7172
-6919
-6996
-7239
-7267
-6876
-6770
-7255
-7179
-6837
-6794
-6951
-7184
-7231
-6774
-6792
-6698
-7137
-7215
-6803
-7050
-6954
-7303
-6996
-6733
-7093
-6887
-6902
-6752
-7165
-6940
-6834
-7312
-6846
-6790
-7288
-7048
-6713
-7349
-7029
-7304
-6874
-7281
-7306
-6758
-6837
-6972
-7058
-7119
-7048
-7223
-6761
-6984
-6822
-7165
-7059
-7157
-7290
-7350
-6861
-7005
-7046
-7290
-7271
-7009
-7232
-7357
-6971
-6864
-7325
-6971
-6854
-7061
-7059
-7219
-7040
-7067
-7296
-6836
-7342
-6761
-6845
-7163
-7258
-7385
-7352
-6940
-7313
-6826
-6884
-7184
-7350
-7219
-7297
-7213
-6865
-7261
-7109
-6783
-6831
-7228
-6972
-7212
-7362
-6870
-7416
-7310
-7140
-7230
-6825
-6969
-7135
-6981
-6916
-7125
-7045
-7170
-6838
-7340
-7247
-7329
-7107
-7367
-7038
-7421
-7326
-6850
-7228
-7054
-6807
-7420
-7286
-7129
-7248
-7373
-6964
-7398
-7155
-7025
-7076
-7055
-6959
-6913
-6878
-6979
-6936
-7081
-7002
-7389
-7175
-7359
-7221
-6972
-6869
-6989
-6927
-7174
-7257
-6837
-6938
-6943
-7209
-7336
-7357
-6994
-7029
-7166
-7324
-7245
-7066
-7417
-7280
-7370
-7239
-7347
-6949
-6963
-6966
-6995
-6983
-7224
-6973
-7495
-7194
-6962
-7324
-6993
-7195
-6963
-7289
-6880
-7428
-6950
-7011
-7244
-7184
-7335
-7109
-6880
-7203
-6875
-7218
-7380
-7058
-7119
-6977
-7103
-7498
-7060
-7189
-7342
-7275
-7446
-7485
-6898
-6934
-7015
-7435
-7070
-7486
-6996
-7080
-7463
-7291
-7183
-7104
-7179
-7440
-7121
-6976
-7079
-7223
-7375
-7251
-6931
-7196
-6969
-7043
-6974
-7190
-7140
-7537
-7431
-6919
-7178
-7379
-7450
-6965
-7454
-7398
-7028
-7231
-7473
-7415
-7135
-7064
-7035
-7006
-7463
-6938
-7037
-7549
-7197
-7279
-7309
-7430
-7115
-7387
-7480
-7532
-7298
-7422
-7202
-7338
-7420
-7168
-7463
-7178
-7307
-7162
-6999
-7128
-7482
-7077
-7135
-7122
-7036
-7337
-7250
-7469
-7515
-7065
-7485
-7152
-7540
-7526
-7078
-7222
-7253
-7392
-7215
-7038
-7136
-7499
-7559
-7596
-7281
-6992
-7118
-7107
-7279
-7214
-7222
-7249
-7353
-7422
-7336
-7273
-7090
-7180
-7280
-7274
-7014
-7409
-7543
-7431
-7129
-7251
-7173
-7534
-7030
-7240
-7300
-7149
-7103
-7220
-7480
-7298
-7413
-7595
-7382
-7203
-7378
-7559
-7331
-7561
-7413
-7647
-7066
-7087
-7472
-7350
-7203
-7178
-7431
-7554
-7317
-7105
-7233
-7511
-7542
-7642
-7259
-7361
-7591
-7365
-7128
-7219
-7503
-7123
-7427
-7488
-7121
-7596
-7415
-7443
-7501
-7469
-7385
-7122
-7144
-7582
-7203
-7579
-7093
-7665
-7580
-7488
-7158
-7517
-7531
-7313
-7427
-7686
-7694
-7582
-7465
-7266
-7324
-7262
-7308
-7476
-7348
-7294
-7326
-7175
-7162
-7632
-7448
-7708
-7479
-7610
-7616
-7529
-7368
-7714
-7578
-7660
-7587
-7131
-7522
-7305
-7600
-7438
-7681
-7364
-7376
-7445
-7475
-7278
-7661
-7257
-7691
-7292
-7412
-7183
-7147
-7250
-7202
-7315
-7219
-7214
-7375
-7394
-7263
-7227
-7582
-7405
-7735
-7619
-7208
-7622
-7123
-7680
-7446
-7248
-7313
-7151
-7240
-7626
-7295
-7265
-7388
-7379
-7188
-7597
-7524
-7696
-7422
-7393
-7415
-7530
-7381
-7277
-7605
-7342
-7677
-7280
-7769
-7647
-7480
-7759
-7601
-7281
-7458
-7536
-7372
-7425
-7169
-7347
-7730
-7484
-7384
-7724
-7563
-7744
-7639
-7569
-7237
-7463
-7360
-7683
-7716
-7691
-7809
-7342
-7567
-7348
-7185
-7279
-7753
-7372
-7200
-7261
-7372
-7824
-7186
-7467
-7547
-7357
-7771
-7634
-7816
-7583
-7605
-7739
-7281
-7457
-7728
-7466
-7209
-7623
-7829
-7420
-7638
-7551
-7543
-7361
-7763
-7468
-7521
-7297
-7511
-7840
-7215
-7422
-7647
-7559
-7528
-7531
-7861
-7812
-7357
-7704
-7860
-7253
-7780
-7373
-7569
-7595
-7681
-7492
-7594
-7565
-7550
-7731
-7424
-7254
-7259
-7750
-7713
-7865
-7449
-7298
-7767
-7688
-7677
-7849
-7666
-7268
-7301
-7550
-7343
-7311
-7738
-7353
-7684
-7895
-7534
-7295
-7622
-7631
-7336
-7393
-7310
-7851
-7713
-7471
-7391
-7560
-7825
-7638
-7515
-7612
-7719
-7336
-7614
-7529
-7349
-7557
-7436
-7475
-7750
-7673
-7838
-7672
-7306
-7445
-7796
-7742
-7380
-7595
-7781
-7559
-7458
-7932
-7904
-7923
-7638
-7615
-7846
-7932
-7915
-7569
-7587
-7535
-7828
-7872
-7810
-7709
-7916
-7724
-7861
-7483
-7677
-7348
-7382
-7674
-7644
-7725
-7409
-7964
-7859
-7359
-7716
-7621
-7441
-7871
-7417
-7905
-7843
-7645
-7344
-7669
-7417
-7442
-7397
-7716
-7566
-7443
-7480
-7848
-7597
-7397
-7859
-7807
-7906
-7927
-7489
-7490
-7454
-7894
-7611
-7814
-7916
-7935
-7876
-7431
-7573
-7394
-7531
-7718
-7925
-7869
-7641
-7896
-7407
-7552
-7651
-7819
-7502
-7756
-7430
-7505
-7433
-7477
-7563
-7899
-7879
-7473
-7561
-7504
-7824
-7983
-8022
-7488
-7468
-7578
-8003
-7562
-7823
-7543
-7501
-7741
-7470
-7684
-7880
-7830
-7684
-7468
-7416
-7535
-7694
-7537
-7957
-8035
-7466
-7485
-7475
-7848
-7684
-7754
-7905
-7414
-8018
-7928
-7625
-7594
-8043
-7805
-7976
-7989
-7717
-7622
-7538
-7524
-7979
-8064
-7875
-8026
-7931
-7648
-8060
-7745
-7857
-7762
-7833
-7884
-8067
-7448
-7702
-7650
-7489
-7516
-7797
-8026
-7896
-7713
-7525
-7716
-7941
-8082
-7461
-7573
-7952
-7914
-7738
-7544
-7627
-7854
-7600
-7714
-7674
-8058
-8054
-7558
-7485
-7842
-7538
-8027
-7865
-7845
-8072
-7828
-7539
-7937
-7484
-7557
-7779
-7527
-7879
-7747
-7615
-7625
-7528
-7665
-7869
-7517
-7594
-7933
-8116
-7787
-7970
-7519
-7517
-8132
-8125
-7763
-8044
-7634
-8116
-8085
-7663
-7691
-7608
-8066
-7613
-7873
-7689
-7857
-8069
-8047
-7552
-8042
-7624
-8031
-7964
-8068
-7724
-7986
-7922
-7534
-7928
-7583
-7858
-8140
-7972
-7959
-7651
-8104
-7606
-7908
-7944
-7631
-7784
-7786
-8056
-7962
-7684
-7584
-7600
-7914
-7840
-7731
-8138
-7741
-8034
-7881
-7770
-7936
-8051
-7782
-8055
-8075
-7704
-7973
-7709
-7609
-7696
-7729
-8135
-7716
-7904
-8153
-7904
-7859
-7883
-8163
-8206
-7830
-8062
-7931
-7711
-7679
-7738
-7898
-7926
-7983
-7740
-7715
-7917
-7834
-7683
-7809
-8132
-7985
-8080
-8147
-8184
-7846
-7710
-7666
-8027
-7851
-7994
-7963
-7719
-8001
-8014
-7878
-7607
-7968
-7787
-8027
-7765
-7857
-8129
-7929
-8229
-8040
-7723
-8208
-8008
-8218
-7672
-7880
-7820
-8084
-7906
-7770
-7900
-7690
-8100
-7701
-7638
-7848
-7695
-8270
-8062
-8172
-8147
-7666
-8265
-8008
-7701
-7913
-7702
-7730
-7663
-7908
-7644
-8158
-8177
-7967
-8091
-7929
-7989
-7970
-7799
-7940
-7672
-8073
-7695
-8293
-7671
-8156
-8161
-8101
-8256
-8197
-7815
-7833
-7891
-7979
-8006
-8005
-7957
-8218
-7672
-8223
-7841
-7828
-8174
-8085
-8236
-8164
-7830
-8010
-8046
-8020
-8232
-8007
-8079
-7874
-8197
-8309
-8106
-7710
-7865
-8136
-8171
-8092
-7843
-7963
-7803
-8281
-8228
-7704
-8159
-7858
-7907
-7727
-7832
-8055
-8033
-8265
-8181
-8117
-8348
-8203
-8034
-8054
-7810
-8136
-7784
-7851
-8241
-7900
-8169
-7848
-8012
-8157
-8218
-8228
-7881
-7933
-7984
-8123
-7868
-8021
-8163
-7772
-7768
-8035
-8101
-7982
-8295
-7737
-7988
-7836
-7946
-8055
-8259
-8333
-7990
-8264
-7911
-7994
-8124
-7815
-7846
-8378
-8330
-8206
-7917
-8227
-7804
-8081
-7849
-8004
-7913
-8005
-8275
-8171
-8145
-8088
-8211
-7989
-7917
-8183
-7996
-8093
-7941
-7968
-8346
-8210
-8154
-8252
-7807
-8120
-7970
-7829
-8219
-8238
-8232
-8192
-8250
-8016
-7806
-8223
-7955
-8078
-8392
-8038
-8382
-8269
-7884
-8033
-7846
-8083
-8047
-7879
-8142
-8269
-8114
-8402
-7990
-8104
-8293
-7861
-8263
-8224
-8303
-8378
-8392
-7924
-8229
-8311
-8122
-8138
-8385
-8097
-8026
-7917
-7850
-7863
-8249
-8388
-8185
-8172
-7866
-7962
-8110
-8306
-7859
-7941
-7908
-8383
-8241
-8210
-8205
-7921
-8012
-7874
-8014
-8049
-8030
-8054
-8085
-8419
-8263
-8025
-7924
-7933
-8300
-7950
-8291
-7899
-8243
-8225
-7917
-8074
-8094
-8173
-8332
-8076
-8315
-7921
-8125
-7986
-7968
-8124
-8369
-8462
-7886
-8330
-7904
-8084
-8325
-8246
-8025
-8323
-8268
-8316
-8079
-8124
-8510
-8232
-7902
-8174
-8283
-8153
-7896
-8040
-8266
-8265
-7985
-8150
-8192
-8236
-8504
-8013
-8215
-8349
-8184
-8174
-8517
-8486
-8214
-8226
-8114
-8195
-8466
-8410
-8042
-8469
-8461
-8371
-8158
-7958
-8044
-8486
-8106
-8449
-8235
-7931
-8190
-8095
-8554
-8540
-7933
-7995
-8013
-8223
-8202
-8148
-8290
-8239
-8121
-7986
-8227
-8336
-8513
-8102
-8019
-8507
-8344
-8489
-8426
-8475
-8314
-8004
-8518
-8582
-8475
-8128
-8488
-8365
-8415
-8474
-8107
-8344
-8305
-8231
-8061
-8603
-7981
-8396
-8048
-8536
-8175
-8128
-8516
-8501
-8431
-8165
-8345
-8497
-8158
-8492
-8330
-8512
-8137
-8203
-8205
-8288
-8028
-8564
-8525
-8084
-8077
-8034
-8010
-8596
-7998
-8204
-8147
-8383
-8000
-8165
-8535
-8597
-8283
-8589
-8127
-8339
-8506
-8035
-8152
-8607
-8201
-8518
-8485
-8210
-8085
-8403
-8540
-8276
-8281
-8276
-8614
-8434
-8143
-8275
-8471
-8116
-8270
-8111
-8593
-8220
-8614
-8076
-8102
-8234
-8135
-8498
-8536
-8141
-8110
-8399
-8243
-8605
-8170
-8583
-8306
-8323
-8378
-8213
-8571
-8373
-8053
-8306
-8464
-8414
-8332
-8314
-8588
-8177
-8219
-8671
-8386
-8509
-8356
-8447
-8095
-8529
-8496
-8529
-8080
-8580
-8146
-8121
-8270
-8266
-8578
-8263
-8338
-8498
-8130
-8122
-8147
-8416
-8148
-8327
-8363
-8301
-8598
-8121
-8209
-8244
-8177
-8484
-8418
-8253
-8541
-8182
-8483
-8118
-8551
-8352
-8207
-8689
-8279
-8426
-8281
-8418
-8722
-8416
-8117
-8575
-8513
-8485
-8342
-8217
-8287
-8657
-8156
-8616
-8379
-8543
-8734
-8580
-8432
-8327
-8767
-8655
-8696
-8281
-8392
-8650
-8427
-8551
-8738
-8343
-8421
-8639
-8309
-8771
-8142
-8355
-8717
-8270
-8360
-8290
-8160
-8534
-8305
-8607
-8511
-8400
-8752
-8322
-8251
-8768
-8269
-8192
-8382
-8348
-8704
-8223
-8226
-8194
-8802
-8536
-8493
-8454
-8730
-8203
-8498
-8455
-8785
-8749
-8568
-8635
-8600
-8652
-8371
-8324
-8426
-8746
-8259
-8371
-8387
-8488
-8440
-8686
-8432
-8345
-8521
-8348
-8810
-8691
-8659
-8584
-8399
-8397
-8542
-8725
-8253
-8622
-8524
-8650
-8625
-8224
-8537
-8305
-8450
-8522
-8446
-8556
-8678
-8710
-8454
-8839
-8309
-8244
-8473
-8394
-8314
-8441
-8815
-8642
-8436
-8465
-8580
-8551
-8297
-8339
-8838
-8419
-8378
-8623
-8737
-8649
-8307
-8645
-8400
-8725
-8797
-8341
-8668
-8298
-8398
-8862
-8594
-8648
-8709
-8381
-8377
-8596
-8759
-8493
-8293
-8673
-8377
-8743
-8550
-8719
-8281
-8324
-8403
-8842
-8733
-8281
-8301
-8755
-8800
-8871
-8520
-8618
-8308
-8779
-8718
-8811
-8830
-8304
-8530
-8410
-8420
-8477
-8339
-8399
-8299
-8848
-8827
-8812
-8296
-8337
-8394
-8684
-8645
-8494
-8378
-8609
-8483
-8592
-8430
-8557
-8522
-8812
-8418
-8778
-8344
-8903
-8704
-8640
-8466
-8442
-8320
-8800
-8592
-8764
-8427
-8831
-8731
-8512
-8584
-8550
-8562
-8763
-8577
-8340
-8401
-8652
-8517
-8344
-8623
-8793
-8650
-8401
-8914
-8824
-8558
-8835
-8619
-8339
-8919
-8442
-8742
-8624
-8864
-8663
-8719
-8700
-8501
-8530
-8588
-8876
-8743
-8428
-8720
-8648
-8843
-8850
-8677
-8458
-8521
-8582
-8490
-8937
-8822
-8976
-8518
-8949
-8466
-8953
-8577
-8453
-8744
-8755
-8843
-8463
-8996
-8452
-8416
-8995
-8440
-8389
-8524
-8791
-8831
-8650
-8766
-8512
-8576
-8767
-8909
-8848
-8731
-8866
-8844
-8427
-8945
-8741
-9013
-8479
-8639
-8654
-8974
-8610
-8546
-8484
-8485
-8698
-8555
-8638
-8869
-8827
-8447
-8920
-8594
-9037
-8506
-8575
-8994
-8965
-8457
-8642
-9044
-8501
-8540
-8795
-8952
-8553
-8946
-8473
-8547
-8646
-8518
-8740
-8920
-8629
-8885
-8582
-8683
-8484
-9031
-8496
-8860
-8771
-8834
-8693
-8593
-9077
-8699
-8584
-8793
-8736
-8517
-8614
-8702
-8983
-8551
-8922
-8506
-8659
-8789
-8853
-9084
-8702
-8600
-9054
-8592
-8771
-8555
-8867
-8877
-8678
-8491
-8662
-8699
-9022
-8992
-8749
-8837
-8670
-9115
-8783
-9076
-8876
-8531
-9060
-9007
-9004
-8615
-9125
-8995
-8679
-8592
-8832
-8766
-8528
-8970
-8623
-8797
-8558
-8850
-8746
-9098
-8813
-8681
-8858
-8995
-8838
-8541
-8756
-8908
-8958
-8583
-8863
-8924
-8874
-8850
-8896
-8835
-9140
-8743
-8622
-8958
-8667
-8871
-8526
-8641
-8993
-9071
-8811
-8712
-8918
-8658
-8962
-9152
-8954
-8663
-9016
-9140
-8590
-8694
-9119
-8549
-8809
-8957
-8562
-8649
-8661
-8839
-8926
-9053
-8935
-8937
-8608
-9179
-8878
-8967
-8954
-8854
-8630
-8610
-8559
-8854
-8569
-9051
-8785
-8620
-8608
-9035
-8663
-8990
-8812
-9140
-8888
-8986
-8677
-9068
-9174
-8834
-8896
-8669
-8652
-9052
-8738
-8594
-9144
-9027
-8802
-8645
-8662
-8826
-8867
-8876
-8994
-9085
-8984
-8958
-8688
-8916
-8874
-8994
-9032
-8965
-9059
-9167
-8633
-9030
-8974
-8886
-8697
-8973
-9069
-9160
-8953
-8757
-8708
-8895
-8903
-8871
-9133
-9105
-9163
-9158
-8956
-8895
-9115
-9188
-9010
-9002
-8927
-8693
-8643
-9005
-8787
-9189
-9217
-9243
-8798
-8871
-8834
-8809
-8744
-8855
-9034
-8702
-8960
-8954
-9096
-9050
-9149
-8920
-9088
-9282
-8965
-9157
-8827
-9026
-8765
-8680
-8845
-9165
-8765
-8924
-8820
-8687
-8835
-9066
-8948
-8666
-9002
-9119
-9184
-9146
-8901
-8790
-9245
-8853
-8971
-8893
-9003
-9249
-9109
-8861
-8679
-9165
-8798
-8746
-9212
-9151
-8883
-9206
-8935
-8699
-8949
-9031
-9237
-8698
-9117
-8721
-9200
-8796
-8941
-9191
-9301
-8941
-8886
-9028
-8918
-8997
-9070
-9065
-9156
-8883
-8811
-8975
-9344
-9142
-9265
-9308
-9188
-9272
-9161
-8816
-8805
-9001
-8737
-8751
-9208
-9214
-9193
-8862
-9265
-8781
-9270
-9047
-9086
-8745
-9368
-8829
-8854
-9023
-9139
-9281
-9041
-9231
-8996
-9054
-9233
-8913
-9248
-8933
-9267
-8834
-9380
-9026
-9205
-8928
-9281
-8900
-9301
-9244
-9290
-8823
-9303
-9139
-8840
-9339
-9054
-9223
-8928
-8810
-9225
-8930
-9249
-8938
-8876
-9156
-9021
-9385
-8998
-8945
-9330
-9248
-8901
-9402
-8861
-9241
-9031
-8832
-9008
-8896
-9194
-9423
-9321
-9278
-9031
-9348
-9377
-9091
-9282
-8914
-9219
-8964
-9396
-9080
-9439
-9236
-8986
-9317
-8855
-9234
-8975
-9167
-8812
-9083
-9038
-9005
-9308
-9056
-9161
-9018
-9144
-9249
-8843
-8943
-9317
-9023
-9339
-9108
-9138
-8934
-9242
-8885
-8921
-9166
-9346
-9121
-9234
-9257
-8933
-8914
-9070
-9379
-8906
-9246
-9380
-9129
-9176
-8882
-8875
-8860
-9336
-9276
-9451
-9207
-8872
-9443
-8958
-8858
-8988
-8994
-9189
-9492
-8972
-9316
-9091
-8979
-9485
-8991
-8955
-9170
-9401
-8907
-9475
-9270
-9327
-9461
-9179
-9040
-9306
-9385
-9154
-8891
-9020
-9399
-9391
-9005
-8960
-9450
-9368
-8992
-9323
-9491
-9007
-9259
-8945
-9527
-9482
-9393
-9527
-9011
-9094
-9268
-9385
-9060
-9379
-9366
-9350
-9196
-9045
-9064
-9100
-9114
-9085
-9015
-9327
-9273
-9467
-9325
-9067
-9359
-9032
-9385
-9357
-8971
-9217
-9325
-9006
-9322
-9503
-9300
-9304
-9462
-9533
-9476
-9066
-9351
-8941
-9464
-9448
-9490
-9424
-9498
-8981
-8941
-9276
-9147
-9075
-8986
-9576
-9479
-9095
-9350
-8965
-9532
-9041
-9414
-9553
-9038
-9324
-9477
-9270
-9152
-9526
-9178
-9550
-9583
-9344
-9234
-8978
-9474
-9361
-9310
-8974
-9074
-9151
-9481
-8976
-9365
-9106
-9443
-9203
-9115
-9151
-8990
-9076
-9079
-9333
-9399
-9241
-9448
-9364
-9031
-9240
-9538
-9527
-9524
-9538
-9245
-9524
-9332
-9255
-9395
-9016
-9130
-9274
-9257
-9565
-9492
-9592
-9479
-9616
-9236
-9040
-9530
-9244
-9072
-9273
-9396
-9207
-9147
-9029
-9648
-9585
-9327
-9574
-9527
-9403
-9116
-9226
-9373
-9545
-9087
-9536
-9635
-9189
-9333
-9387
-9188
-9259
-9134
-9066
-9302
-9468
-9463
-9563
-9608
-9457
-9114
-9482
-9113
-9162
-9236
-9689
-9500
-9599
-9494
-9599
-9492
-9669
-9519
-9605
-9090
-9192
-9314
-9188
-9116
-9083
-9239
-9224
-9553
-9624
-9210
-9101
-9496
-9347
-9424
-9265
-9390
-9152
-9645
-9603
-9255
-9196
-9212
-9085
-9221
-9307
-9105
-9235
-9096
-9374
-9457
-9629
-9526
-9655
-9730
-9396
-9185
-9483
-9187
-9259
-9640
-9259
-9157
-9180
-9152
-9369
-9213
-9532
-9239
-9196
-9261
-9150
-9421
-9635
-9442
-9510
-9208
-9181
-9122
-9161
-9125
-9152
-9654
-9576
-9433
-9336
-9650
-9299
-9279
-9275
-9430
-9546
-9527
-9377
-9397
-9709
-9664
-9181
-9551
-9632
-9529
-9290
-9654
-9775
-9445
-9563
-9343
-9680
-9335
-9236
-9774
-9690
-9752
-9348
-9500
-9407
-9345
-9254
-9293
-9713
-9314
-9514
-9371
-9535
-9649
-9427
-9314
-9742
-9515
-9406
-9267
-9549
-9776
-9331
-9622
-9778
-9358
-9456
-9307
-9487
-9535
-9579
-9699
-9711
-9209
-9191
-9268
-9822
-9635
-9552
-9615
-9731
-9700
-9782
-9473
-9481
-9300
-9836
-9467
-9807
-9451
-9422
-9326
-9432
-9787
-9255
-9473
-9246
-9410
-9303
-9560
-9457
-9638
-9730
-9689
-9632
-9798
-9563
-9496
-9792
-9369
-9790
-9629
-9505
-9513
-9356
-9245
-9782
-9281
-9242
-9843
-9598
-9455
-9553
-9798
-9432
-9490
-9313
-9244
-9813
-9632
-9743
-9775
-9734
-9681
-9533
-9312
-9765
-9568
-9666
-9293
-9689
-9766
-9360
-9858
-9638
-9774
-9828
-9259
-9460
-9414
-9836
-9442
-9816
-9605
-9299
-9735
-9621
-9280
-9280
-9346
-9672
-9398
-9511
-9825
-9777
-9841
-9782
-9639
-9361
-9812
-9767
-9557
-9719
-9770
-9712
-9502
-9294
-9925
-9729
-9790
-9486
-9327
-9485
-9399
-9810
-9331
-9800
-9607
-9529
-9553
-9785
-9433
-9404
-9480
-9310
-9599
-9373
-9887
-9918
-9364
-9639
-9416
-9618
-9887
-9453
-9600
-9420
-9768
-9372
-9882
-9389
-9461
-9562
-9751
-9722
-9956
-9593
-9947
-9501
-9378
-9485
-9882
-9868
-9697
-9351
-9636
-9474
-9513
-9524
-9817
-9690
-9630
-9376
-9678
-9759
-9901
-9879
-9416
-9708
-9986
-9862
-9970
-9865
-9784
-9858
-9579
-9402
-9740
-9913
-9793
-9372
-9866
-9773
-9886
-9874
-9798
-9635
-9701
-9698
-9883
-9486
-9794
-9995
-9747
-9399
-9844
-9644
-9882
-9591
-9887
-9622
-9941
-9818
-9740
-9914
-9402
-9967
-9386
-9779
-9852
-9873
-9953
-9669
-9966
-10001
-9736
-9659
-9657
-9915
-9984
-9419
-9557
-9610
-9491
-9873
-9783
-9905
-9577
-9818
-9732
-9454
-9789
-9583
-9878
-9463
-9537
-9557
-9869
-9569
-9698
-9971
-9509
-9753
-9879
-9425
-9587
-10061
-9928
-9927
-9986
-9612
-9495
-9825
-10070
-9463
-9625
-9699
-10028
-9817
-9743
-10080
-9636
-9886
-10043
-9608
-9734
-10088
-9502
-9655
-9496
-9592
-9677
-10022
-9594
-9943
-9866
-9761
-9603
-9591
-9656
-9669
-10078
-9683
-9580
-10072
-9485
-9791
-9690
-9689
-9750
-9472
-9998
-9631
-9615
-9631
-9650
-9962
-9708
-9755
-9582
-9597
-9770
-9823
-10082
-9914
-10127
-9944
-9741
-9773
-9949
-9551
-9808
-9847
-10111
-9745
-9631
-10065
-10045
-9573
-9819
-10063
-9693
-9643
-9821
-10029
-10119
-9776
-9919
-9689
-9908
-9785
-9548
-9649
-10153
-9850
-9824
-9722
-9576
-9889
-10043
-10045
-9653
-10119
-9726
-9784
-9625
-9753
-10016
-9948
-9880
-9725
-9833
-10027
-9881
-9792
-9863
-9770
-10140
-9934
-9937
-9583
-9973
-10102
-9893
-10170
-9806
-10078
-9750
-9955
-9561
-9908
-9745
-9912
-9658
-9645
-9696
-9895
-9598
-10169
-10048
-9740
-10125
-10015
-10162
-9823
-9603
-10076
-10190
-9798
-9570
-9870
-9572
-9750
-9774
-10022
-10038
-10064
-9713
-9688
-10134
-10208
-9814
-9717
-9602
-9821
-10025
-9811
-9652
-9881
-9608
-9982
-10078
-9680
-10202
-10144
-9932
-9629
-10006
-10003
-10099
-9848
-10093
-9828
-9874
-10225
-9865
-10112
-9846
-9957
-9788
-9799
-10121
-9822
-9663
-9869
-9738
-10060
-10111
-9754
-9832
-10077
-9852
-9891
-10082
-10147
-10018
-9631
-10223
-9856
-9941
-10246
-9648
-10138
-10137
-9644
-9928
-9893
-9930
-10166
-9991
-9958
-10107
-9938
-9990
-10154
-9992
-9859
-9896
-10013
-9931
-10079
-10289
-10284
-10276
-10014
-9729
-9949
-9906
-9774
-9687
-10187
-10225
-10277
-10104
-9771
-9859
-9802
-9813
-10129
-10071
-9852
-10137
-9683
-9781
-10274
-9904
-9994
-9956
-10027
-9922
-9730
-10213
-10129
-10038
-10201
-10247
-9721
-10078
-10249
-10222
-10074
-10322
-10170
-10194
-9790
-9860
-10034
-9886
-10007
-9890
-10229
-10203
-10004
-9728
-9968
-9822
-10186
-10024
-10002
-10096
-10318
-9818
-9932
-10200
-10231
-9722
-9774
-9782
-10019
-9752
-10209
-9764
-9848
-9822
-10009
-10330
-9854
-10191
-10174
-10235
-9791
-10169
-9929
-9986
-10200
-10227
-9837
-10114
-9852
-9889
-10034
-10243
-9892
-9889
-10031
-9934
-10087
-10362
-9796
-10200
-9769
-10356
-9870
-10107
-10315
-10088
-10094
-10318
-9971
-10009
-10167
-9769
-9825
-9956
-10061
-9911
-10120
-9928
-10098
-10123
-10244
-9899
-10352
-9965
-9946
-9915
-10248
-10305
-10371
-10041
-10089
-9790
-9797
-9996
-10103
-9972
-9933
-10282
-10054
-10310
-10400
-10058
-9946
-10324
-9936
-9819
-9871
-9938
-10343
-10301
-9894
-9942
-9964
-10004
-10334
-10080
-10213
-10027
-10406
-10407
-10223
-10085
-10377
-10340
-10296
-10180
-10070
-10014
-10231
-10154
-10198
-10115
-10052
-10063
-10369
-10051
-10375
-9983
-9828
-10201
-10421
-10450
-10038
-10451
-10436
-10218
-10100
-10397
-10012
-10050
-10220
-10259
-10272
-10365
-10049
-10236
-10238
-9973
-10402
-10162
-10457
-10320
-10240
-10350
-9972
-10328
-10240
-10110
-9954
-9994
-9912
-10289
-10484
-10308
-10103
-10344
-9904
-10302
-10249
-10038
-9933
-10438
-10144
-10074
-10365
-10405
-9975
-10072
-10127
-10388
-10274
-10327
-9964
-10210
-10134
-10132
-10371
-10036
-9921
-10065
-10246
-10003
-9951
-10378
-10492
-10408
-10478
-9990
-10395
-10273
-10209
-10302
-9967
-10174
-10320
-10411
-10150
-9942
-10483
-10216
-10035
-10072
-10065
-10139
-10295
-10183
-10257
-10403
-10512
-9964
-9967
-10065
-10339
-10357
-10178
-9939
-10093
-10330
-10053
-10213
-10470
-10251
-10328
-10300
-10393
-10386
-9936
-9957
-10339
-10494
-10107
-10324
-10047
-10519
-10313
-10454
-10468
-10576
-10387
-10289
-10118
-10444
-10412
-10136
-10382
-9957
-10049
-10163
-10527
-10047
-9993
-10250
-10277
-10002
-10170
-10122
-10498
-10489
-10303
-10417
-10320
-10044
-9982
-10163
-10062
-10286
-10486
-10553
-10445
-10414
-10432
-10326
-10072
-10546
-10379
-10336
-10272
-10603
-10540
-10236
-10528
-10537
-10443
-10538
-10231
-10024
-10509
-10303
-10330
-10210
-10390
-10166
-10325
-10260
-10468
-10337
-10644
-10405
-10413
-10134
-10202
-10561
-10379
-10603
-10423
-10219
-10297
-10229
-10286
-10475
-10147
-10528
-10582
-10327
-10063
-10057
-10566
-10158
-10496
-10449
-10258
-10169
-10426
-10099
-10250
-10667
-10092
-10505
-10100
-10651
-10275
-10622
-10376
-10258
-10075
-10471
-10469
-10522
-10115
-10484
-10644
-10200
-10109
-10416
-10435
-10337
-10525
-10688
-10190
-10095
-10097
-10396
-10609
-10088
-10069
-10554
-10176
-10519
-10098
-10329
-10610
-10582
-10475
-10369
-10266
-10537
-10665
-10524
-10140
-10295
-10686
-10523
-10633
-10336
-10180
-10723
-10699
-10090
-10203
-10287
-10301
-10660
-10704
-10276
-10356
-10171
-10277
-10612
-10708
-10697
-10318
-10103
-10408
-10430
-10735
-10694
-10362
-10399
-10568
-10137
-10137
-10235
-10405
-10254
-10513
-10641
-10146
-10729
-10153
-10700
-10554
-10592
-10430
-10210
-10177
-10725
-10594
-10457
-10472
-10194
-10180
-10259
-10751
-10752
-10248
-10390
-10332
-10446
-10254
-10159
-10743
-10418
-10577
-10182
-10604
-10707
-10653
-10439
-10755
-10708
-10677
-10532
-10213
-10505
-10458
-10498
-10530
-10254
-10271
-10367
-10450
-10789
-10703
-10640
-10415
-10230
-10231
-10367
-10556
-10214
-10317
-10225
-10804
-10572
-10177
-10323
-10425
-10663
-10622
-10740
-10675
-10329
-10792
-10617
-10275
-10742
-10633
-10735
-10579
-10466
-10718
-10251
-10808
-10650
-10256
-10781
-10356
-10304
-10671
-10313
-10455
-10421
-10721
-10357
-10665
-10739
-10609
-10430
-10729
-10592
-10331
-10830
-10334
-10348
-10433
-10749
-10432
-10630
-10410
-10696
-10798
-10842
-10483
-10825
-10717
-10520
-10241
-10766
-10427
-10709
-10233
-10554
-10318
-10326
-10690
-10827
-10863
-10510
-10521
-10282
-10624
-10834
-10345
-10616
-10447
-10599
-10780
-10565
-10535
-10755
-10747
-10783
-10567
-10848
-10812
-10716
-10267
-10810
-10859
-10683
-10541
-10882
-10385
-10511
-10465
-10516
-10373
-10883
-10502
-10336
-10775
-10385
-10391
-10276
-10867
-10803
-10398
-10564
-10376
-10906
-10473
-10395
-10570
-10915
-10583
-10805
-10710
-10773
-10611
-10748
-10586
-10434
-10423
-10377
-10649
-10602
-10299
-10511
-10600
-10593
-10761
-10919
-10452
-10822
-10882
-10481
-10487
-10748
-10853
-10898
-10614
-10754
-10355
-10404
-10896
-10443
-10694
-10342
-10564
-10773
-10790
-10341
-10653
-10843
-10445
-10422
-10480
-10951
-10465
-10611
-10841
-10610
-10856
-10900
-10664
-10733
-10681
-10418
-10921
-10870
-10471
-10572
-10911
-10886
-10971
-10620
-10922
-10350
-10861
-10496
-10758
-10359
-10411
-10690
-10672
-10432
-10871
-10857
-10857
-10704
-10889
-10517
-10386
-10952
-10724
-10782
-10427
-10505
-10926
-10955
-10943
-10935
-10933
-10457
-10835
-10898
-10925
-10498
-10632
-10796
-10523
-10566
-10402
-10802
-10482
-10539
-10436
-10441
-10702
-10828
-10417
-10499
-10844
-10486
-10427
-10421
-10619
-10495
-11022
-10718
-10923
-10910
-10514
-10536
-10623
-10738
-10823
-10565
-10898
-10868
-10641
-10423
-10975
-10802
-10491
-10852
-10555
-10699
-10459
-10763
-10490
-11028
-10881
-11036
-10850
-10534
-10531
-10512
-10824
-10449
-10675
-10766
-10768
-10834
-10674
-10483
-10817
-10521
-10706
-10831
-10463
-10488
-10888
-10680
-11033
-10485
-11022
-10777
-10774
-10894
-10665
-10992
-11018
-11041
-10717
-10711
-10711
-10524
-10965
-11027
-10662
-10618
-11086
-10917
-10717
-10593
-10490
-10665
-10656
-10758
-10993
-10497
-10484
-10670
-10883
-10929
-10582
-10944
-10808
-10676
-11058
-10891
-10734
-11116
-10786
-10491
-10744
-10495
-11117
-10605
-11114
-10940
-10764
-10629
-10511
-10821
-10587
-10532
-10612
-10600
-10908
-10639
-10918
-11102
-10731
-10530
-10774
-10689
-10969
-11038
-10834
-10737
-11064
-10540
-10866
-11051
-10682
-10986
-10652
-10760
-11128
-10775
-10908
-10620
-11036
-10835
-11075
-10687
-11095
-11132
-10759
-10722
-10976
-11083
-10850
-10678
-10600
-10709
-11174
-11062
-10987
-11121
-10967
-11046
-10812
-11135
-11037
-10724
-11091
-11176
-10623
-11154
-10778
-11039
-10812
-10898
-10729
-11156
-10579
-10624
-11201
-10772
-10590
-11074
-10627
-10702
-10695
-10925
-10633
-11203
-10843
-11021
-11061
-11140
-11137
-10764
-11206
-10600
-10743
-11085
-10800
-10932
-10905
-10733
-10618
-10646
-10950
-10764
-10633
-10733
-10926
-10775
-11140
-10645
-10624
-10903
-10747
-10823
-11187
-11240
-11089
-11228
-10990
-10639
-11092
-10640
-11221
-10750
-10768
-11249
-11112
-11118
-10990
-11077
-11021
-10886
-10715
-11132
-10770
-11243
-10792
-11201
-10955
-10644
-10977
-11261
-10714
-11059
-10642
-10770
-10772
-10761
-11062
-11240
-11177
-10738
-11254
-10651
-11126
-11237
-10808
-10837
-11246
-11282
-11270
-10758
-11206
-10818
-11112
-10795
-10931
-10869
-10725
-11251
-10987
-11243
-10672
-10916
-10770
-10809
-11201
-10857
-10966
-10744
-11207
-10867
-11200
-11055
-11028
-10960
-10913
-10801
-11113
-11183
-11052
-10679
-10820
-10822
-11121
-10753
-11121
-11307
-10835
-10850
-11224
-11132
-10894
-10904
-11179
-11282
-11241
-11035
-11138
-11151
-10767
-11337
-10863
-10965
-10979
-10896
-10868
-10978
-10874
-11230
-10876
-10718
-10907
-10981
-10868
-11012
-11106
-10842
-10804
-11201
-11250
-11040
-11108
-11139
-10779
-10723
-11315
-11010
-10876
-11214
-11059
-11150
-11152
-10941
-11337
-11107
-10988
-11217
-11158
-11153
-10915
-11125
-10746
-11376
-10839
-10980
-11068
-11319
-11024
-11192
-10826
-10897
-10773
-11046
-10807
-10853
-11102
-11166
-11016
-11177
-11380
-11078
-11339
-11061
-11229
-11241
-11106
-11042
-11015
-11243
-11149
-11394
-10937
-11016
-10996
-11055
-10865
-11407
-10904
-11251
-10971
-11218
-11160
-10794
-10813
-11087
-11196
-10907
-11187
-11290
-11160
-11063
-11042
-11221
-11137
-11322
-11066
-11297
-11219
-10931
-11303
-11246
-11092
-11129
-11059
-11333
-11370
-11275
-11149
-11039
-10817
-11415
-10886
-11378
-11368
-11092
-11076
-11280
-11438
-11455
-11240
-11278
-10959
-11195
-11282
-10931
-11214
-10947
-11176
-10891
-10928
-11133
-11081
-11165
-11454
-11122
-11159
-11077
-11300
-11200
-11344
-10988
-11013
-11018
-11379
-11121
-10949
-11425
-11243
-11220
-11351
-11460
-11045
-11428
-10870
-11479
-11109
-11085
-11463
-11335
-10891
-10993
-10951
-11004
-10949
-11084
-11060
-11270
-11008
-11002
-11431
-11328
-10879
-11086
-11398
-11395
-11141
-10922
-11493
-11092
-11061
-11228
-11112
-10921
-11269
-11121
-11236
-10895
-11194
-11070
-11242
-11266
-11082
-11162
-10953
-10904
-11324
-11077
-11288
-11257
-11531
-11413
-11275
-11025
-11036
-11226
-10906
-11455
-11378
-10996
-11374
-11301
-11440
-11365
-11352
-11550
-11034
-11167
-11266
-11137
-11313
-11051
-11123
-11289
-11392
-11225
-11482
-11402
-11054
-11100
-11367
-11429
-11066
-11105
-10992
-10971
-11020
-11202
-11418
-10988
-11060
-11082
-11032
-11362
-11551
-11143
-11409
-11389
-11372
-11429
-11073
-11151
-11179
-11145
-11466
-11009
-11165
-11077
-11461
-11095
-11580
-11195
-11175
-11454
-11460
-11122
-10997
-11009
-11274
-11346
-11009
-11580
-11055
-11181
-11149
-11415
-11159
-11177
-11101
-11114
-11157
-11503
-11294
-11053
-11228
-11283
-11458
-11279
-11225
-11451
-11090
-11342
-11412
-11399
-11420
-10988
-11610
-11530
-11084
-11004
-11001
-11206
-10997
-11488
-11270
-11142
-11121
-11519
-11232
-11080
-11343
-11058
-11555
-11632
-11156
-11469
-11090
-11050
-11548
-11118
-11434
-11146
-11059
-11226
-11472
-11620
-11277
-11360
-11254
-11341
-11553
-11294
-11665
-11450
-11060
-11607
-11273
-11487
-11338
-11127
-11288
-11579
-11125
-11644
-11242
-11055
-11560
-11522
-11392
-11098
-11576
-11594
-11624
-11466
-11075
-11270
-11217
-11649
-11371
-11582
-11203
-11199
-11276
-11465
-11491
-11521
-11108
-11325
-11638
-11670
-11323
-11385
-11340
-11454
-11354
-11413
-11693
-11277
-11203
-11157
-11500
-11607
-11289
-11514
-11225
-11153
-11122
-11221
-11348
-11175
-11406
-11248
-11719
-11708
-11570
-11170
-11327
-11547
-11650
-11524
-11458
-11171
-11224
-11636
-11716
-11512
-11309
-11743
-11357
-11294
-11327
-11293
-11519
-11569
-11578
-11330
-11394
-11521
-11626
-11635
-11436
-11274
-11569
-11133
-11702
-11608
-11524
-11314
-11533
-11428
-11370
-11288
-11699
-11435
-11717
-11397
-11431
-11193
-11648
-11156
-11572
-11398
-11375
-11485
-11413
-11454
-11438
-11772
-11705
-11309
-11259
-11426
-11247
-11469
-11464
-11661
-11313
-11173
-11460
-11628
-11159
-11750
-11184
-11260
-11787
-11608
-11529
-11180
-11449
-11599
-11782
-11475
-11656
-11332
-11577
-11778
-11487
-11641
-11634
-11352
-11317
-11523
-11558
-11401
-11363
-11570
-11441
-11618
-11291
-11355
-11433
-11572
-11251
-11308
-11702
-11637
-11551
-11303
-11430
-11374
-11198
-11763
-11372
-11595
-11807
-11328
-11756
-11674
-11370
-11257
-11354
-11400
-11416
-11258
-11349
-11342
-11355
-11292
-11221
-11505
-11838
-11377
-11512
-11309
-11604
-11465
-11698
-11641
-11775
-11497
-11320
-11401
-11262
-11651
-11819
-11346
-11241
-11793
-11543
-11616
-11395
-11655
-11697
-11568
-11867
-11643
-11306
-11845
-11874
-11645
-11494
-11847
-11849
-11356
-11567
-11375
-11804
-11252
-11893
-11496
-11712
-11592
-11488
-11619
-11735
-11390
-11544
-11869
-11647
-11725
-11404
-11539
-11698
-11480
-11861
-11331
-11737
-11772
-11387
-11707
-11329
-11755
-11409
-11721
-11510
-11636
-11615
-11614
-11286
-11508
-11837
-11651
-11661
-11676
-11877
-11778
-11551
-11312
-11520
-11754
-11431
-11494
-11633
-11571
-11595
-11652
-11920
-11741
-11747
-11916
-11899
-11889
-11317
-11808
-11485
-11498
-11796
-11890
-11550
-11777
-11730
-11772
-11749
-11575
-11621
-11889
-11412
-11607
-11630
-11395
-11655
-11574
-11928
-11523
-11910
-11810
-11773
-11657
-11859
-11973
-11529
-11655
-11377
-11559
-11886
-11741
-11742
-11868
-11841
-11811
-11548
-11819
-11510
-11885
-11600
-11710
-11638
-11533
-11678
-11992
-11489
-11765
-11746
-11744
-11416
-11469
-11739
-11599
-11902
-11581
-11992
-11648
-11488
-11633
-11497
-11434
-11723
-11826
-11471
-11524
-11566
-11825
-11510
-11983
-11869
-11615
-12003
-11581
-11548
-11397
-11383
-11803
-11495
-11968
-11536
-12011
-11507
-11591
-11993
-11407
-11874
-11615
-11704
-11475
-11786
-11877
-11502
-11564
-11752
-12035
-11464
-11937
-11462
-11636
-11601
-11801
-12031
-11487
-11965
-11878
-11755
-11448
-11669
-11456
-11962
-11891
-11734
-11601
-11783
-11740
-11742
-11655
-11968
-11930
-11676
-11727
-11613
-11974
-11824
-12036
-11495
-11761
-11532
-11669
-11680
-11888
-11690
-11850
-11561
-11811
-12009
-11800
-11645
-11624
-11931
-11728
-11719
-11978
-12002
-11980
-11924
-12047
-11784
-11869
-11707
-12061
-11706
-11790
-11884
-11842
-11624
-12027
-11519
-12027
-12007
-11700
-12034
-11896
-11745
-11553
-11953
-12072
-12038
-11831
-11860
-11804
-11665
-11555
-11989
-12003
-11490
-11987
-12070
-12076
-11809
-11536
-11651
-11953
-11644
-11578
-11698
-11696
-11552
-11947
-11508
-11580
-11760
-11870
-11874
-12001
-11678
-12014
-11956
-11910
-12040
-11870
-12105
-12147
-11750
-11908
-11642
-11739
-11932
-11980
-12005
-11960
-11979
-12149
-11547
-11582
-12022
-11673
-11896
-11801
-12079
-11947
-11864
-11973
-12090
-11979
-11667
-12035
-11641
-11928
-11773
-11918
-11734
-11589
-12182
-11788
-11679
-11874
-11806
-12033
-12053
-11738
-11615
-12175
-12147
-12024
-12011
-11686
-11933
-11739
-11664
-11577
-11913
-12167
-12178
-12159
-11928
-12142
-12199
-11708
-12075
-11610
-12071
-11800
-11618
-11915
-11810
-11686
-12134
-11882
-11765
-11881
-11949
-11747
-11747
-12045
-11773
-11822
-12059
-12074
-12018
-11947
-11675
-11625
-11774
-12019
-12078
-11957
-12227
-11940
-12239
-12176
-11744
-11765
-12175
-12235
-12186
-12227
-11996
-12056
-11656
-12088
-12187
-11986
-12006
-12155
-12238
-11649
-11680
-11833
-11960
-11848
-11877
-11910
-11708
-11873
-12115